walker_id,position_id,x,y
0,0,1091.293949437882,0
0,1,1090.307199298242,-0.16224722469254657
0,2,1089.3179805525863,-0.3086926863612403
0,3,1088.3597020523516,-0.022856516522675396
0,4,1087.3731479129349,0.1405782716950145
0,5,1086.4076458960396,0.40097384648677914
0,6,1085.4730350514235,0.7566458430310443
0,7,1084.5010176607548,0.9915547450281604
0,8,1083.5219227686723,1.194958757520673
0,9,1082.5503983806018,1.4318983350173131
0,10,1081.6239739845532,1.8083791956278283
0,11,1080.6840514029811,2.149766864782268
0,12,1079.7153941072813,2.398167837984318
0,13,1078.842398703113,2.8858962709272435
0,14,1077.960271025821,3.3569066327612664
0,15,1077.0229215795925,3.7052972406360194
0,16,1076.1602614311503,4.211081254113764
0,17,1075.2801102251135,4.685774686248759
0,18,1074.3348344441167,5.012047115149789
0,19,1073.4451282286466,5.468580629969818
0,20,1072.4865342446308,5.753356987500655
0,21,1071.574651792048,6.163808437335373
0,22,1070.651074747476,6.54722132540774
0,23,1069.6872930302432,6.813913660370068
0,24,1068.7328778946282,7.11239607008487
0,25,1067.9063886124882,7.675348525011226
0,26,1067.0590622403454,8.206421042725633
0,27,1066.1459131061797,8.6140466782938
0,28,1065.3048367992567,9.154963165316307
0,29,1064.4717276972842,9.70807185645285
0,30,1063.5266575027513,10.034939302683803
0,31,1062.7235965495565,10.630836194313527
0,32,1061.8056363068638,11.027508594204793
0,33,1060.8977240986583,11.446668971854356
0,34,1060.0491931651413,11.975814750317046
0,35,1059.1640869739708,12.441203867456082
0,36,1058.3473890410212,13.018269276500703
0,37,1057.4069894916638,13.358340868328554
0,38,1056.542958757859,13.861779932208991
0,39,1055.717223124462,14.42583725530505
0,40,1054.8003474507655,14.82501014890348
0,41,1054.0245589667245,15.45600319801688
0,42,1053.2103898420742,16.03663099313702
0,43,1052.3500067915743,16.546278917112357
0,44,1051.508699467897,17.08683602522107
0,45,1050.6309956734551,17.566039582409683
0,46,1049.7763881471362,18.08531405314658
0,47,1049.0763555638957,18.799424956579376
0,48,1048.1894328801025,19.261342863758884
0,49,1047.290435942161,19.699297776474705
0,50,1046.4261016537284,20.202215501196967
0,51,1045.5435694996495,20.672467558094827
0,52,1044.6105709951712,21.032347802955904
0,53,1043.7245234227528,21.495942129292242
0,54,1042.7585701315563,21.754658652202206
0,55,1041.792551008403,22.0131292573046
0,56,1040.8593596465703,22.372509115116237
0,57,1039.9227245715765,22.722815746927918
0,58,1039.000200576854,23.108755482069828
0,59,1038.0312267866193,23.355918978237952
0,60,1037.1701519541125,23.864397230303105
0,61,1036.2594010346547,24.277353357157768
0,62,1035.3565651607669,24.707338688094787
0,63,1034.4037348066354,25.010842092104905
0,64,1033.4548851513875,25.32657034826203
0,65,1032.4938582810269,25.603025325509275
0,66,1031.5332994374087,25.88110212775459
0,67,1030.5819855647562,26.189325935561506
0,68,1029.6007812891323,26.38229787522448
0,69,1028.6272351611199,26.610788436587708
0,70,1027.710221415227,27.00964403682857
0,71,1026.8839345757783,27.57289358982789
0,72,1025.9593799810855,27.953943194777786
0,73,1025.0487576286537,28.367182751514214
0,74,1024.139718097179,28.783892638865414
0,75,1023.1677946654354,29.019189988675727
0,76,1022.2639076872316,29.446961341893456
0,77,1021.2995667159643,29.711624318403658
0,78,1020.383270516227,30.11212559723685
0,79,1019.408440231574,30.335073833658015
0,80,1018.4374095132705,30.574028524156063
0,81,1017.4563946573296,30.767961121785593
0,82,1016.549835946347,31.190040857785338
0,83,1015.5645263554446,31.36081852048131
0,84,1014.6005649755056,31.626860731391666
0,85,1013.7209128108879,32.10247829759732
0,86,1012.7922677936078,32.47344788109579
0,87,1011.9026723506847,32.930197208331755
0,88,1011.0269781133713,33.41306323813321
0,89,1010.1631405719178,33.91683372354842
0,90,1009.2017319560747,34.19195819243969
0,91,1008.2284980806602,34.42177512772888
0,92,1007.3333473794311,34.86753876699192
0,93,1006.391739931764,35.20425142564605
0,94,1005.4382004916544,35.505519638631064
0,95,1004.445891434846,35.62930467721054
0,96,1003.4694680350524,35.84516885750831
0,97,1002.469572763137,35.859641079220516
0,98,1001.4715814356462,35.92299177182175
0,99,1000.4996812900335,36.15838528693674
0,100,999.5027424863098,36.23657110169754
0,101,998.5079535989908,36.13461488724001
0,102,997.5136476041769,36.02805228274268
0,103,996.5164003342923,36.102199991458484
0,104,995.5224239482851,36.21179444414777
0,105,994.526876304555,36.30605413364114
0,106,993.5574958749668,36.06049032781616
0,107,992.5587136089855,36.011154892667236
0,108,991.5601805215389,36.0652998210941
0,109,990.5601820154941,36.067028377797584
0,110,989.5603976119725,36.08779244471554
0,111,988.6060846862835,35.78898340893696
0,112,987.6413435673786,35.525782775399904
0,113,986.7874953458527,35.00526071573578
0,114,985.7902737618873,34.93076835053304
0,115,984.8232389133251,34.676124281946436
0,116,983.8255877170891,34.60762544510344
0,117,982.8692546144305,34.315346474325054
0,118,981.871583494438,34.24713843716578
0,119,980.8977428576571,34.01990636602668
0,120,979.8987386007005,33.97529140684634
0,121,978.9356576438408,33.70607946332542
0,122,978.0118045249437,33.32333226907832
0,123,977.1491050519064,32.81761533321281
0,124,976.4126426735518,32.141136830030206
0,125,975.4680496581989,31.812892964365474
0,126,974.5617733147333,31.39020727821729
0,127,973.5884450656189,31.16079036629503
0,128,972.7199714397449,30.66505499216754
0,129,971.8507639263506,30.170607524119646
0,130,970.8844792418554,29.91313148929324
0,131,970.0341059395615,29.38695162770033
0,132,969.230830305063,28.791344160469546
0,133,968.3650474107819,28.29092435673449
0,134,967.7559106281147,27.497859176562056
0,135,966.8888123252127,26.999722113993563
0,136,966.0192003565278,26.50598633048184
0,137,965.2609346671776,25.85404066989781
0,138,964.505063415946,25.19932038491993
0,139,963.6999918470517,24.60614269741135
0,140,963.2271888118491,23.724974558005904
0,141,962.6483831343746,22.909509054306753
0,142,961.8657637561593,22.287008525116732
0,143,961.4053742663605,21.399291499436387
0,144,961.0443573761376,20.46673222251412
0,145,960.3616665911372,19.736024830957348
0,146,960.0148699342577,18.798084492355137
0,147,960.0618654579507,17.79918939238076
0,148,959.910179463018,16.8107606600276
0,149,959.8193335464165,15.814895699585257
0,150,959.962238523733,14.82515928646399
0,151,960.5566228650723,14.020978178273344
0,152,961.4043973054407,13.49062122464878
0,153,962.3190490107906,13.086378404180122
0,154,963.2410499882455,12.699190855862406
0,155,964.1404585704989,12.262081942467805
0,156,965.062469872991,11.874918981846541
0,157,965.9950412895708,11.513933451695868
0,158,966.9144930991697,11.120730743382058
0,159,967.8289526584355,10.716053446678227
0,160,968.8289414915066,10.720779304601013
0,161,969.7953483879896,10.463762358797805
0,162,970.7399419327613,10.135520016654569
0,163,971.6683395686298,9.763931763726765
0,164,972.6633609212201,9.664269795607694
0,165,973.6581737889036,9.765991761236732
0,166,974.655779401071,9.696832216905676
0,167,975.6457625815747,9.55564686950787
0,168,976.6324164728263,9.718478374070132
0,169,977.6315134290923,9.760966866396188
0,170,978.6303577918442,9.809028691150504
0,171,979.629364930392,9.764478302481203
0,172,980.6088487124027,9.966001305579466
0,173,981.6079431966336,10.008547886868678
0,174,982.6069206806222,9.963337418126898
0,175,983.5458362852064,9.61918993888534
0,176,984.5238580342643,9.827692836634416
0,177,985.5018343838742,9.618977097880009
0,178,986.4993514677707,9.689402003522725
0,179,987.4948968283852,9.595118203435247
0,180,988.4779548117031,9.778413051794244
0,181,989.4533424519685,9.998910106689
0,182,990.4532962970562,9.989302417357912
0,183,991.4363664801011,10.172531823317001
0,184,992.433917522597,10.242474068172138
0,185,993.42457815934,10.106123406978476
0,186,994.4231775728472,10.159030980567788
0,187,995.4178989326259,10.26164392517013
0,188,996.4173606411695,10.228837018045194
0,189,997.4088961595278,10.099001291706857
0,190,998.3885766951797,9.89843696769872
0,191,999.3184666718347,9.530599189165011
0,192,1000.294164847441,9.311480339865344
0,193,1001.2633231107644,9.0650411777339
0,194,1002.178163383416,8.661225284615647
0,195,1003.1335665542396,8.365920727962326
0,196,1004.1191183318684,8.19654630954996
0,197,1005.0524259532481,7.837468485290769
0,198,1005.8820017198957,7.279074316812101
0,199,1006.846404234035,7.014635683625162
0,200,1007.6328169248984,6.3969342349875165
0,201,1008.4735719224449,5.855518466745868
0,202,1009.3703672796456,5.413072891219241
0,203,1010.3346177784864,5.1480804847521116
0,204,1011.2848435599005,4.836518349157965
0,205,1012.2530033394445,4.58618528846992
0,206,1013.2421047696678,4.438949556630471
0,207,1014.0437957704187,3.841210868477344
0,208,1014.9032529387719,3.330003106636402
0,209,1015.7884849353073,2.864853332574545
0,210,1016.7561664323631,2.6126777583096406
0,211,1017.6087084785759,2.0900191130740993
0,212,1018.383602312096,1.457927706098362
0,213,1019.1689048106664,0.8388154499290916
0,214,1019.9677653989986,0.23729923201850012
0,215,1020.886769312654,-0.15694917531627128
0,216,1021.8426216351344,-0.45079664869130187
0,217,1022.6096170669772,-1.0924492085180275
0,218,1023.5931422884817,-1.2732201648817814
0,219,1024.5484640597338,-1.568787946231057
0,220,1025.5383602177033,-1.7105821507565668
0,221,1026.5331148270764,-1.8128722633330143
0,222,1027.515255647621,-2.0010195689741965
0,223,1028.5151360326738,-1.985552973145407
0,224,1029.5150699520175,-1.974057019688284
0,225,1030.5127052944495,-2.0427863695355737
0,226,1031.5112067545724,-1.9880612918084282
0,227,1032.5108669318709,-2.014129086570857
0,228,1033.5103421157476,-2.0465228639790207
0,229,1034.4918224735966,-1.8549600618576432
0,230,1035.4640236587863,-1.620812980911563
0,231,1036.4560410402416,-1.7469141898292573
0,232,1037.456020404164,-1.7533384975228354
0,233,1038.3990330106421,-2.086095501992499
0,234,1039.3739827253714,-2.3085208911667157
0,235,1040.3731625696773,-2.349013343952607
0,236,1041.2875769784719,-2.7537926529459544
0,237,1042.2447460527128,-3.043322208115406
0,238,1043.2396927259144,-3.143726976353593
0,239,1044.153142754193,-3.5506778896563542
0,240,1044.9641955020459,-4.1356509148464555
0,241,1045.904376562834,-4.476326087020157
0,242,1046.7070153806342,-5.072791449099404
0,243,1047.4871260523596,-5.698432991726016
0,244,1048.375527066397,-6.157501220050938
0,245,1049.2878136672068,-6.567053607399188
0,246,1050.0501241701331,-7.214265085301198
0,247,1050.7753345291367,-7.902792452363732
0,248,1051.6657375919935,-8.357965370775075
0,249,1052.5948363505745,-8.727797084941574
0,250,1053.325695347396,-9.410325565493945
0,251,1054.2164318453495,-9.864845632392582
0,252,1054.9122234955425,-10.5830893093724
0,253,1055.8997657750904,-10.740443197488661
0,254,1056.7547725095706,-11.259060092694988
0,255,1057.6939050069168,-11.602615259193994
0,256,1058.6623997804243,-11.851649139797862
0,257,1059.6590908612782,-11.932931913781177
0,258,1060.6063723696882,-12.253334385407918
0,259,1061.5973874178887,-12.387084803126273
0,260,1062.5449535788273,-12.706644454277734
0,261,1063.4867680568877,-13.042777595928213
0,262,1064.4414356001314,-13.340451716195592
0,263,1065.384920357836,-13.671867636119112
0,264,1066.2534816336981,-14.16744942560776
0,265,1067.1087805703683,-14.685584281539018
0,266,1068.0691547928725,-14.964298028508042
0,267,1068.829710805153,-15.613570353641546
0,268,1069.7375325313233,-16.03292666215857
0,269,1070.6391820346948,-16.465394202061592
0,270,1071.3970965598046,-17.117748072769547
0,271,1072.1281905792268,-17.800024801644973
0,272,1073.000104913542,-18.28968324751906
0,273,1073.7544674328733,-18.946141311242833
0,274,1074.629534359973,-19.430143246255753
0,275,1075.5094228561754,-19.90532345864937
0,276,1076.4711959736421,-20.179170990166924
0,277,1077.4638272038258,-20.30034541347522
0,278,1078.4370676054198,-20.530134709799032
0,279,1079.355566348994,-20.925558606462808
0,280,1080.2964315844843,-21.26433966946051
0,281,1081.2796969678532,-21.446518663497216
0,282,1082.2687371391155,-21.59416533507976
0,283,1083.265978909582,-21.51994369917143
0,284,1084.260300826895,-21.413529767982947
0,285,1085.258613640584,-21.471594611256858
0,286,1086.2551502861975,-21.388439852226792
0,287,1087.2550399264617,-21.373583631568216
0,288,1088.2459704321031,-21.507958975247725
0,289,1089.2270901964373,-21.31455781694436
0,290,1090.2189131243379,-21.442179443994355
0,291,1091.2121568763134,-21.326132689789418
0,292,1092.127610286525,-20.923708717178414
0,293,1093.1275421510686,-20.912035402733565
0,294,1094.121575105089,-20.80295521974164
0,295,1095.1157290339477,-20.910927279716013
0,296,1096.0933482554892,-20.700545109196515
0,297,1097.057106345951,-20.433767405725774
0,298,1098.0194743164175,-20.162017724180018
0,299,1098.9120948900309,-19.711208993605677
0,300,1099.851753944342,-19.369096641225262
0,301,1100.8428301443853,-19.235800108234255
0,302,1101.841581371943,-19.285759946625188
0,303,1102.837478846946,-19.37624872649705
0,304,1103.8373863688532,-19.389848271826967
0,305,1104.7878414556114,-19.078986360272275
0,306,1105.784210273725,-18.99384425382079
0,307,1106.7499652221077,-18.734388323701307
0,308,1107.6356187265603,-18.27004161051072
0,309,1108.550828626087,-17.867064142395517
0,310,1109.4913897452711,-17.52743967172372
0,311,1110.4347762362531,-17.195744135677742
0,312,1111.3796688424684,-16.86836368006131
0,313,1112.1786798709045,-16.267047310387742
0,314,1113.1248594590897,-15.943405244361449
0,315,1113.9016121493491,-15.313599513858245
0,316,1114.7481509593788,-14.781272506170593
0,317,1115.6343700384657,-14.318006120748004
0,318,1116.506272244052,-13.82832607838005
0,319,1117.397812860584,-13.37538532168708
0,320,1118.2132363370567,-12.796520437610251
0,321,1119.0045977459206,-12.185171829563172
0,322,1119.9105707885024,-11.761836447017421
0,323,1120.8705985473316,-11.481931637703456
0,324,1121.7907174697882,-11.090292558272814
0,325,1122.6396111292268,-10.561728886644602
0,326,1123.5383397974267,-10.12322372024899
0,327,1124.3812127033289,-9.585111032704717
0,328,1125.3221269656124,-9.24646615819562
0,329,1126.2591100954899,-8.897091553616088
0,330,1127.2409035764817,-8.707140084334991
1,0,927.8363317238429,-8.043563308787364
1,1,927.7548313466222,-9.04023661961337
1,2,926.9042471933934,-9.56607556670292
1,3,926.0744305150589,-10.124111659046347
1,4,925.2798681039749,-10.731294148000321
1,5,924.4986395362213,-11.35553923202237
1,6,923.8195153293685,-12.089562604720161
1,7,923.2243716730803,-12.893181935236735
1,8,922.7878716529707,-13.792886182444812
1,9,922.1825356514362,-14.58885623542811
1,10,921.7200649434835,-15.475490796160855
1,11,921.2332482532522,-16.348994951910687
1,12,920.5499889150486,-17.07917073674441
1,13,920.0219767067515,-17.928407516382013
1,14,919.4336516573786,-18.73703204994523
1,15,919.0209179368384,-19.64788378097999
1,16,918.6958310870574,-20.59356794606866
1,17,918.1810747009685,-21.4509044395067
1,18,917.5499827613612,-22.22661247979164
1,19,917.1585109658153,-23.146802586939103
1,20,916.8832503460391,-24.10817223031278
1,21,916.4104604589761,-24.989347424409274
1,22,916.0732028086768,-25.930759808709897
1,23,915.6490430792949,-26.83634720039037
1,24,915.3231588207057,-27.781756873497077
1,25,915.2384862908482,-28.778165706601012
1,26,915.2130570214832,-29.777842330444727
1,27,915.2900575261776,-30.774873384262413
1,28,915.5034662046753,-31.751836400932895
1,29,915.5527968382145,-32.750618904080916
1,30,915.4691184553487,-33.747111718024385
1,31,915.4871718821863,-34.746948741633446
1,32,915.4448315252612,-35.74605198663641
1,33,915.5405995730575,-36.74145566405642
1,34,915.5134692985389,-37.74108757041222
1,35,915.9762163841523,-38.62757791709195
1,36,916.1998500044498,-39.602251197669936
1,37,916.7712844773924,-40.42289889499973
1,38,917.4517841102593,-41.15564731681183
1,39,918.0037173859893,-41.98953559418591
1,40,918.5271079762508,-42.841628482329924
1,41,919.154177826198,-43.620591513087675
1,42,919.9392115315078,-44.24004456338893
1,43,920.7690067934337,-44.798112501264946
1,44,921.5850683716131,-45.37607746613677
1,45,922.4197472061178,-45.92681446619216
1,46,923.197439148304,-46.555460028539166
1,47,924.019065768877,-47.12548607738768
1,48,924.7432562052069,-47.81508611503879
1,49,925.4930004257754,-48.47681385642797
1,50,926.1979405928365,-49.186080633363126
1,51,927.0069463775787,-49.773881314081976
1,52,927.9313605218799,-50.15527152084666
1,53,928.8690003424432,-50.50287987358593
1,54,929.8327695548485,-50.769617394792924
1,55,930.6420116325376,-51.35709272167694
1,56,931.6355720707512,-51.47039610034154
1,57,932.6240825898436,-51.6215481881324
1,58,933.5474005218105,-52.00558464018935
1,59,934.4690290814516,-52.39365782665528
1,60,935.4129620212433,-52.72379507868269
1,61,936.3843909954462,-52.96112554044235
1,62,937.282917886524,-53.40004401352129
1,63,938.2769151167682,-53.50944925227561
1,64,939.2139381085317,-53.858716933154675
1,65,940.2050960429484,-53.99140434417321
1,66,941.1234467577367,-54.38717190808903
1,67,942.1076620075847,-54.56414744867777
1,68,943.068873618131,-54.83995941315913
1,69,944.0669255446728,-54.90234812949547
1,70,945.0445277837279,-55.112809199991965
1,71,946.0283884242908,-55.29174561314189
1,72,947.0283868729322,-55.29350706562615
1,73,948.0246300179834,-55.206906858130125
1,74,948.9879526384498,-54.938560945364905
1,75,949.9871674276095,-54.97818171169462
1,76,950.9858747348813,-55.02901196254788
1,77,951.9669852733092,-54.83556400730984
1,78,952.9669583863517,-54.82823098665333
1,79,953.9654461554323,-54.88320529880359
1,80,954.9631227726057,-54.81507771594965
1,81,955.9220337199089,-54.53137048103641
1,82,956.8814904419232,-54.24951449195422
1,83,957.8814896237151,-54.248235267306875
1,84,958.8721071342544,-54.11157163713085
1,85,959.8159557252179,-53.78119331257532
1,86,960.7805566063249,-53.51747918673523
1,87,961.7390584059362,-53.23239270837858
1,88,962.7388201942397,-53.21056688311859
1,89,963.7383343260713,-53.241735782184925
1,90,964.7179465938733,-53.040838284012935
1,91,965.7179214046048,-53.03374054475207
1,92,966.683474399301,-53.29394702897818
1,93,967.6759995585305,-53.4159872202937
1,94,968.6554832415707,-53.61751070442937
1,95,969.6509803716572,-53.71230239177316
1,96,970.6442303693854,-53.59630910742899
1,97,971.6189548683178,-53.37289883196976
1,98,972.6184534204332,-53.34123427261088
1,99,973.6177568540731,-53.378552465430786
1,100,974.5876126267366,-53.134872798180105
1,101,975.5838430281558,-53.221619482773995
1,102,976.5402277231167,-52.92950937469045
1,103,977.539326197782,-52.88705660185357
1,104,978.4471515490745,-52.467708141083044
1,105,979.3384318661034,-52.01425539108917
1,106,980.2874423863414,-51.69901098990551
1,107,981.2602841154568,-51.46753967398989
1,108,982.1778577196718,-51.06997372870808
1,109,983.0753035783914,-50.62884910837151
1,110,983.9668745384499,-50.17596808295713
1,111,984.8385739082203,-49.685927055346255
1,112,985.4693819526518,-48.909988133084724
1,113,986.3538426603922,-48.44337345643657
1,114,987.1561857914824,-47.846510406824436
1,115,987.7998660050962,-47.08121583438712
1,116,988.5187501843218,-46.38608596388876
1,117,988.9697003799557,-45.493536849801636
1,118,989.709222258178,-44.820404328205356
1,119,990.4131031418591,-44.110086299722134
1,120,991.1220677554248,-43.40484224500668
1,121,991.8265271789874,-42.69509798081432
1,122,992.6218448043277,-42.08890504550158
1,123,993.0452259820976,-41.182953403133084
2,0,1121.7921404953383,0
2,1,1122.782293113516,-0.13999211662025005
2,2,1122.9890396629023,-1.1183866506998617
2,3,1123.5725272208706,-1.9305087287744527
2,4,1124.3435030942044,-2.5673730806871924
2,5,1124.9491824972497,-3.3630818595294922
2,6,1125.298962678378,-4.299913661343313
2,7,1125.8519777541862,-5.133084907804093
2,8,1126.4002437367335,-5.969388926915231
2,9,1126.5899889101884,-6.951222298292761
2,10,1126.8157227577376,-7.925411309763636
2,11,1126.4963958989388,-8.873055946349355
2,12,1126.1758198466187,-9.820278726205713
2,13,1125.8532115348098,-10.766811280929478
2,14,1125.5248504832548,-11.711363566312144
2,15,1124.957545014147,-12.53487100691018
2,16,1124.3300779879553,-13.313514141499011
2,17,1123.8891749032166,-14.211068858420452
2,18,1123.566064975822,-15.157430298262048
2,19,1123.4534443055022,-16.151068353399204
2,20,1123.3491222688474,-17.145611923419228
2,21,1123.3313643671795,-18.145454239451286
2,22,1123.3285968261264,-19.145450409802212
2,23,1122.7832626129277,-19.98366911390929
2,24,1122.1525057120366,-20.759649611072877
2,25,1121.4678652440273,-21.48853055441269
2,26,1120.8207743354897,-22.250943405883557
2,27,1120.0625927761068,-22.90298690367483
2,28,1119.4104244907553,-23.661061126677833
2,29,1118.7824407184617,-24.439287560137807
2,30,1118.2259853021967,-25.270165029870476
2,31,1117.45513411461,-25.907180293891887
2,32,1116.5550244967455,-26.34284378309878
2,33,1115.7425394837458,-26.925825861426137
2,34,1115.0010984379362,-27.596843875780984
2,35,1114.196467570544,-28.190619226599484
2,36,1113.2914107304816,-28.615909852238566
2,37,1112.3662379938016,-28.99545616997056
2,38,1111.4950292778306,-29.48636896590878
2,39,1110.7377884670163,-30.13950475151334
2,40,1109.8577071619657,-30.614327767488987
2,41,1109.0710353434533,-31.231699171069103
2,42,1108.2435520060885,-31.793189443810963
2,43,1107.390780145774,-32.31547303943266
2,44,1106.5645083504673,-32.878744661548325
2,45,1105.6859541407787,-33.356387311066214
2,46,1105.1087886003445,-34.173014483609116
2,47,1104.3856224291972,-34.86368856659475
2,48,1103.5459577065326,-35.40679367015467
2,49,1102.802229852307,-36.07527618963366
2,50,1102.066644639147,-36.75270839596898
2,51,1101.4292515103,-37.52324716806204
2,52,1100.8839554585786,-38.36149069829475
2,53,1100.3053912637708,-39.17712754915814
2,54,1099.702499974223,-39.97495089613866
2,55,1099.4249874844672,-40.93567292567146
2,56,1098.8924628592588,-41.78208743614879
2,57,1098.4703126292368,-42.68861332286813
2,58,1097.7082253638087,-43.336087646584666
2,59,1096.9923074945784,-44.03427215265516
2,60,1096.246298752472,-44.70020830327391
2,61,1095.5824173509961,-45.44804617659573
2,62,1094.735471411683,-45.97972519243227
2,63,1093.869693651846,-46.48015387923164
2,64,1093.046578726619,-47.04802870687247
2,65,1092.3090843074317,-47.723381934204546
2,66,1091.349708262973,-48.00551240990526
2,67,1090.5812146203077,-48.645369832447805
2,68,1089.6686170454948,-49.05422881357135
2,69,1088.9645133881104,-49.76432601794394
2,70,1088.2391173035783,-50.452657711639276
2,71,1087.4837242771362,-51.10792969761356
2,72,1086.8721736816033,-51.89913502437986
2,73,1086.1914987998023,-52.63172065438173
2,74,1085.382407844223,-53.219404094338934
2,75,1084.6745251450564,-53.92573410518411
2,76,1083.9177910045557,-54.57945686033405
2,77,1083.0064253666371,-54.99105456929406
2,78,1082.232217796741,-55.62398634975346
2,79,1081.3222713804714,-56.03871218632304
2,80,1080.4243642985336,-56.478897229464984
2,81,1079.4925556560845,-56.84184716245446
2,82,1078.6362189061126,-57.358264988102874
2,83,1077.7628081663613,-57.84524925857477
2,84,1077.0696979009313,-58.56608083387896
2,85,1076.320422042395,-59.228338855962996
2,86,1075.5960643103294,-59.917763163626255
2,87,1074.7430327805419,-60.439622540458934
2,88,1073.7935862236952,-60.753551251621595
2,89,1072.8855801328918,-61.17250821726831
2,90,1072.0848095023864,-61.77147933286558
2,91,1071.2009777567032,-62.239284255159774
2,92,1070.3501785496496,-62.76477517732419
2,93,1069.4174832134952,-63.12544040979857
2,94,1068.4634379170475,-63.42510284041995
2,95,1067.5132986448536,-63.736928694759875
2,96,1066.6105118859982,-64.16701713686848
2,97,1065.8142794927019,-64.77200802594493
2,98,1065.0211633062604,-65.38107839528213
2,99,1064.1250177295917,-65.82483858436771
2,100,1063.3211208602436,-66.41960729861896
2,101,1062.4861628520407,-66.96992095876003
2,102,1061.5413677903762,-67.2975828141143
2,103,1060.7198403661191,-67.86775181642281
2,104,1059.798279643605,-68.25598606880041
2,105,1058.9147690505363,-68.72439724707812
2,106,1058.0529334502564,-69.23158498164028
2,107,1057.2028891088912,-69.75829611472268
2,108,1056.3800476729364,-70.32656715153145
2,109,1055.5319874270383,-70.85646697161762
2,110,1054.7292074066975,-71.45274227627283
2,111,1053.919400887776,-72.03943930363207
2,112,1053.0870733765132,-72.59372344917034
2,113,1052.2462553806458,-73.13504137592476
2,114,1051.3286872134522,-73.53261986949909
2,115,1050.3584984312974,-73.77497029137034
2,116,1049.3700061261948,-73.92624144775138
2,117,1048.3704943237458,-73.95748495532165
2,118,1047.3857224128471,-74.13133628118732
2,119,1046.391213694878,-74.02668251927182
2,120,1045.4244502287077,-73.77101007163964
2,121,1044.4375872131673,-73.60945083000213
2,122,1043.4383647415193,-73.64887737123723
2,123,1042.4823697810193,-73.35549428464455
2,124,1041.4934843781384,-73.20681456185338
2,125,1040.496686121115,-73.12685685556248
2,126,1039.498616728037,-73.06474818788637
2,127,1038.5369119114687,-72.79066089195778
2,128,1037.5489856099066,-72.63573632101479
2,129,1036.599329401309,-72.3224423927752
2,130,1035.6189185206042,-72.12547918556201
2,131,1034.6189884350897,-72.11365446217854
2,132,1033.6199481675003,-72.06985327800686
2,133,1032.6363779435258,-71.88932733939818
2,134,1031.6907965520943,-71.56394167256808
2,135,1030.7307413317735,-71.28413106888279
2,136,1029.8387328274855,-70.83211245391438
2,137,1028.9464749003882,-70.38058638431036
2,138,1028.0401217456638,-69.95806542752709
2,139,1027.2238064982487,-69.38045879941622
2,140,1026.4348435697302,-68.76601799883106
2,141,1025.5987098793153,-68.21749229136316
2,142,1024.7845026340403,-67.63691795353732
2,143,1023.9748091768404,-67.05006490091884
2,144,1023.1317530709985,-66.5122392763873
2,145,1022.3263909744709,-65.91945610061674
2,146,1021.584394367457,-65.24905246460341
2,147,1020.8325617791916,-64.58969841765885
2,148,1020.1322299523548,-63.87588098139133
2,149,1019.3041913477439,-63.31520989307478
2,150,1018.5164060540033,-62.69925995114281
2,151,1017.6939827029711,-62.130384014160875
2,152,1016.8838656591283,-61.544115837235424
2,153,1016.0557098901685,-60.98361782444815
2,154,1015.4259719062389,-60.206810208885386
2,155,1014.6749436355929,-59.54654016057917
2,156,1014.0475569353915,-58.76783230238686
2,157,1013.4499945354036,-57.966009891799175
2,158,1012.7512242535748,-57.25066375653812
2,159,1012.0054893065976,-56.58442101634736
2,160,1011.2609190270665,-55.9168769362755
2,161,1010.6028936348375,-55.163881197122905
2,162,1009.9386470797116,-54.416367642728574
2,163,1009.200070841153,-53.74219767911662
2,164,1008.5056677279614,-53.02261146719348
2,165,1007.7130211095537,-52.41293012556752
2,166,1006.9241482200438,-51.79837372929759
2,167,1006.1715980745961,-51.13983878065276
2,168,1005.4965813374218,-50.40203636500573
2,169,1004.6879478053543,-49.81372368384383
2,170,1003.8973727642604,-49.201358511418675
2,171,1003.0174466251766,-48.726248008738374
2,172,1002.1414797410982,-48.24387676374338
2,173,1001.2504056596963,-47.79001887689584
2,174,1000.4748028985367,-47.15879755526475
2,175,999.5760067876411,-46.72043064155103
2,176,998.7238531611921,-46.197138947626975
2,177,997.9412322447184,-45.57464035236914
2,178,997.1526067813387,-44.959766480335915
2,179,996.3381049905188,-44.37960543997629
2,180,995.54950130761,-43.76470363374818
2,181,994.6805812054813,-43.269751256123016
2,182,993.8121617945112,-42.77392091553215
2,183,993.0585916560544,-42.116553403081056
2,184,992.2195568640288,-41.57247563495364
2,185,991.4622422676756,-40.91942540552996
2,186,990.6498722634045,-40.33628307628217
2,187,989.7872887378694,-39.830368398223285
2,188,988.9274693823005,-39.31977004747286
2,189,988.2284290821993,-38.604687773301265
2,190,987.2979206221047,-38.23841737360693
2,191,986.4833609526969,-37.658337598942886
2,192,985.6406479235816,-37.11997457034663
2,193,984.8365676021217,-36.52545389228652
2,194,984.0467413090926,-35.912123290702134
2,195,983.1904270122285,-35.395668234587696
2,196,982.4020699098077,-34.780450322736435
2,197,981.58351996147,-34.206014963382216
2,198,980.745007396218,-33.66113270278392
2,199,979.857032293827,-33.201241174775795
2,200,979.049052365152,-32.61203116564651
2,201,978.2913649479567,-31.95941353040823
2,202,977.4729851341459,-31.38473581172852
2,203,976.7269036982872,-30.718881104553656
2,204,976.0635909392392,-29.970538814098152
2,205,975.2861476270235,-29.34158579813346
2,206,974.5737634226142,-28.639796125006225
2,207,973.9098243428888,-27.89200945862785
2,208,973.1268183601297,-27.269995285989054
2,209,972.4909801731974,-26.498172897068798
2,210,971.7915422030461,-25.783479588081875
2,211,971.1236370890934,-25.03923315123726
2,212,970.4811070963592,-24.272972615624923
2,213,969.6868519683845,-23.665388225037134
2,214,968.8131990593582,-23.17883854150013
2,215,967.9609417630285,-22.655715706161526
2,216,967.0634405572793,-22.21470370442147
2,217,966.1821952846434,-21.74204445141033
2,218,965.3656205432495,-21.164804733686786
2,219,964.453374786186,-20.755161378169355
2,220,963.5870106571019,-20.255748527076836
2,221,962.7056986764242,-19.783213668347983
2,222,961.7330556096697,-19.550908987606498
2,223,960.8142977627136,-19.15608748533417
2,224,959.8574301510936,-18.8655631768288
2,225,958.9118719527888,-18.540110117819157
2,226,957.9578235259293,-18.24045765377678
2,227,957.0139789946013,-17.910067731590473
2,228,956.0597868700343,-17.610873163768375
2,229,955.1423851698256,-17.212910702656313
2,230,954.2538522785444,-16.754097776605292
2,231,953.322743674774,-16.389355719824422
2,232,952.3734242765443,-16.075042690910813
2,233,951.5124988415677,-15.566311528694024
2,234,950.6352526450323,-15.086270790147598
2,235,949.7643781846828,-14.594765272059712
2,236,948.8117275011657,-14.290698379428497
2,237,947.8302457539157,-14.099142696100923
2,238,946.8404859180939,-13.956400034664231
2,239,945.856031209595,-13.780761408746345
2,240,944.9118446882144,-13.451350096185243
2,241,943.9639512390901,-13.132762574290343
2,242,942.9964711622569,-12.87981534475288
2,243,942.0685655581966,-12.507000122486302
2,244,941.148565617123,-12.115081625315451
2,245,940.1801795829107,-11.865625238861911
2,246,939.2690035262993,-11.45360801366596
2,247,938.3192319939554,-11.140663871127437
2,248,937.3599691274379,-10.858148822111382
2,249,936.4003901729421,-10.576709254728152
2,250,935.4618898040429,-10.231431022607953
2,251,934.5837516987249,-9.753023802774797
2,252,933.6041986443566,-9.551837785174474
2,253,932.6111464035669,-9.434163458907182
2,254,931.6679254340826,-9.10199753241087
2,255,930.7289732205189,-8.757949947556945
2,256,929.7327993201857,-8.6705568111277
2,257,928.7686446840848,-8.405215827325335
2,258,927.8363317238429,-8.043563308787364
2,259,926.9457869656641,-7.588667679351156
2,260,925.9851091339876,-7.311002226466664
2,261,925.1653357347418,-6.738314201544724
2,262,924.2324428209521,-6.378160329705391
2,263,923.3913782921661,-5.837225529181335
2,264,922.4698516855341,-5.448910305079446
2,265,921.6121798267834,-4.934712888995754
2,266,920.8024715668928,-4.347880260501938
2,267,919.9313627596567,-3.8567902015963824
2,268,919.074454884054,-3.341320616916507
2,269,918.1562774767173,-2.945151147299916
2,270,917.2512977177356,-2.519696524768353
2,271,916.3987099308032,-1.9971124974830619
2,272,915.4827905096182,-1.5957502995917816
2,273,914.6250984232491,-1.0815866243094392
2,274,913.7164589923491,-0.664005033942186
2,275,912.7630440798677,-0.36234296364168084
2,276,911.7929926068026,-0.1194435202409008
2,277,910.825162757442,0.13216208916887387
2,278,909.8419883150225,0.31483123208361286
2,279,908.8675094376694,0.5393104462494078
2,280,907.921236225176,0.8626786687411881
2,281,906.9240063956905,0.9370605696596107
2,282,905.9536411847282,1.1787036067082128
2,283,905.0241804364995,1.5476246246811227
2,284,904.0490778152842,1.7693787184409564
2,285,903.0885074184004,2.0474156092132287
2,286,902.10849320276,2.246343076252881
2,287,901.1086008424595,2.231671068453575
2,288,900.1097728733824,2.183269744201797
2,289,899.1159895813133,2.2946015384215555
2,290,898.1161186153436,2.2785375597509936
2,291,897.1516126650698,2.0144764458274986
2,292,896.2129370078285,1.6696750384892072
2,293,895.2151178268626,1.6036683562779237
2,294,894.254884809364,1.3244685136824312
2,295,893.2550842995087,1.3444420084475917
2,296,892.2693965802157,1.1758605146975594
2,297,891.2727756685109,1.2579991679177274
2,298,890.2740433744982,1.2076622540664919
2,299,889.2787502378486,1.304572378090231
2,300,888.2963329500116,1.491270724518207
2,301,887.3238165393442,1.7241050668790274
2,302,886.3653869722775,2.0094342889583734
2,303,885.3840265771063,2.2016107047571207
2,304,884.3950384902053,2.3496058532173167
2,305,883.3990287237942,2.4388501539536547
2,306,882.4253482564783,2.6667675678722182
2,307,881.426327083832,2.711002131330591
2,308,880.4298403188433,2.7947525176118435
2,309,879.4387230885359,2.9277436292989054
2,310,878.4419468105564,3.007974867961426
2,311,877.4517123946665,3.1473872117025103
2,312,876.4654934424302,2.9819418181432495
2,313,875.466502363068,2.9370327616537035
2,314,874.4682970273808,2.877148641842755
2,315,873.4726361983656,2.7840921344672194
2,316,872.4771261015931,2.6894367213957118
2,317,871.477774935655,2.6534194041952732
2,318,870.4797186938033,2.7157390487769355
2,319,869.4820103497369,2.6480776847619696
2,320,868.4874151705081,2.544248837831466
2,321,867.5381550651275,2.2297567833488423
2,322,866.5382899958322,2.2133298784956446
2,323,865.5675868536919,1.9730479402670416
2,324,864.5747006311141,1.853980946455769
2,325,863.5757048238941,1.8987847092080337
2,326,862.585741508444,2.040109279128147
2,327,861.5966905776502,2.187683857887199
2,328,860.5969090260471,2.2085847926555857
2,329,859.621737443443,2.4300354293248767
2,330,858.6246454303708,2.3538283596539076
2,331,857.6362467731072,2.2019465163695537
2,332,856.6498779602094,2.3664960983881795
2,333,855.6645596972596,2.5372237197548695
2,334,854.6646832029222,2.5529398284173146
2,335,853.6694638774619,2.6506050434655313
2,336,852.6698088726748,2.6768704466430915
2,337,851.7025120368521,2.930517507354282
2,338,850.7031928868316,2.9674124447087835
2,339,849.721660641487,3.158709207223984
2,340,848.7227661598215,3.205717871300422
2,341,847.7475354320387,3.4269078972696905
2,342,846.7651012639341,3.6135173968683127
2,343,845.789578501753,3.833415874504134
2,344,844.8385525079743,4.14252679174485
2,345,843.8395495425723,4.097882921864064
2,346,842.8801242922957,4.379846020747153
2,347,841.903887663296,4.596553298426628
2,348,840.9661386604191,4.94386700043585
2,349,840.0306405761412,5.2971987628240225
2,350,839.061610313114,5.544140758720777
2,351,838.080916992902,5.739692827724133
2,352,837.0809590435582,5.730522247360676
2,353,836.1442512430656,6.080634367254164
2,354,835.1523535054973,6.2076732518799895
2,355,834.1637840683893,6.358439521369994
2,356,833.1865688180355,6.570690209180664
2,357,832.357516331647,7.129861001347969
2,358,831.3994967894274,7.416563908074365
2,359,830.6028126520989,8.020959792680701
2,360,829.8107949712714,8.631457944403184
2,361,828.9869095857965,9.198214392624799
2,362,828.2164253343549,9.83567342525389
2,363,827.3135557377021,10.265587941687269
2,364,826.4648250401456,10.79441324651406
2,365,825.6215608331681,11.331912527658403
2,366,824.8643983752359,11.985139144000692
2,367,824.2000554116449,12.732567017930544
2,368,823.2867931715577,13.139939182947773
2,369,822.3807109521503,13.56304083937741
2,370,821.5742519477734,14.154330847968367
2,371,820.8019713666325,14.789612442218337
2,372,820.0303737754334,15.42572340522381
2,373,819.2560377195057,16.058497987907373
2,374,818.5070384439813,16.721068803189734
2,375,817.6701410675331,17.268428631176842
2,376,816.8163769923451,17.789088696784233
2,377,816.092673905476,18.47920016753084
2,378,815.3095675886118,19.101088016332767
2,379,814.575984162276,19.78068742525344
2,380,813.8347097192988,20.451889481410014
2,381,813.1369161100312,21.168188356786263
2,382,812.4310688575488,21.876552427136467
2,383,811.7829260169794,22.638071211027434
2,384,810.9119191909678,23.12934212309229
2,385,810.0673060396075,23.664719209405597
2,386,809.2479624018413,24.238021924602368
2,387,808.4714054819445,24.868069026143544
2,388,807.7478492095421,25.558334424861357
2,389,807.0143824694713,26.23805976734163
2,390,806.397572662356,27.025171996852958
2,391,805.6963272565798,27.738091964926447
2,392,805.0603856694153,28.509829159646696
2,393,804.5459274006877,29.367344576264834
2,394,803.882862445892,30.115906441257867
2,395,803.4080088572443,30.99597125100115
2,396,802.6677661701897,31.66831101946803
2,397,802.0903078290322,32.484731171245066
2,398,801.5265470088056,33.31066926673249
2,399,800.9868918089023,34.152555402274224
2,400,800.4091948903102,34.96880675464629
2,401,799.7874333345999,35.75201334797951
2,402,799.3304909128713,36.64150962297156
2,403,798.7882922510056,37.481759949404726
2,404,798.2170942278208,38.302572241168086
2,405,797.5504016620138,39.0479050679627
2,406,796.9371945258711,39.837827221205494
2,407,796.3234545490709,40.627335448444036
2,408,795.8997352651104,41.53312900571852
2,409,795.4540958842035,42.42834157387477
2,410,795.2188210187328,43.40027044867875
2,411,794.9147736820197,44.35292737382949
2,412,794.6536012220049,45.31821952967136
2,413,794.371705834834,46.27766467697877
2,414,794.1595904460332,47.25490930440525
2,415,793.9226469228628,48.226432730179205
2,416,793.6005262669545,49.17313135330971
2,417,793.314304043781,50.131294616517835
2,418,793.1938131762531,51.12400905221541
2,419,792.9080160007325,52.082299182846214
2,420,792.8479519605853,53.08049370851804
2,421,792.8844697025735,54.0798267133368
2,422,792.7175044659242,55.06578949648363
2,423,792.713156960937,56.06578004603917
2,424,792.536953911263,57.050133887544135
2,425,792.4642558746945,58.04748788461793
2,426,792.3948097627815,59.045073588976294
2,427,792.5484958785173,60.033193307345506
2,428,792.4386659895644,61.02714370625512
2,429,792.2757474396143,62.013783228108046
2,430,792.1825820058204,63.00943387062579
2,431,792.0604661411817,64.00194972218864
2,432,791.8516691920108,64.97990873667594
2,433,791.6135387888492,65.95114192756782
2,434,791.3188938942797,66.90674874321121
2,435,791.0231845371309,67.86202670071606
2,436,791.0221588215202,68.86202617466967
2,437,790.7667229923687,69.82885218651757
2,438,790.6556323539853,70.8226624652245
2,439,790.4676145929038,71.80482809357743
2,440,790.2233845291943,72.77454541113984
2,441,789.9974966902513,73.74869872772695
2,442,789.8052245825729,74.73004037904361
2,443,789.6206557828796,75.71285997499179
2,444,789.2858628622013,76.65515170278297
2,445,788.9951735021901,77.61196918588846
2,446,788.7178700029397,78.57275155942754
2,447,788.590281722347,79.56457877757362
2,448,788.5926961496077,80.56457586283987
2,449,788.5710011562604,81.56434049877357
2,450,788.6289607767251,82.56265942697017
2,451,788.4241605998691,83.54146323139665
2,452,788.4082028829461,84.54133589892517
2,453,788.4456763512322,85.54063352184569
2,454,788.2109721454025,86.51270035893346
2,455,787.9655056899384,87.48210544414907
2,456,787.7767804697506,88.46413537814553
2,457,787.7155161331129,89.46225695443589
2,458,787.7775451208792,90.46033130270695
2,459,787.7784307891575,91.46033091050272
2,460,787.6512984768367,92.4522166776977
2,461,787.6978504296069,93.45113254787562
2,462,787.6335162317389,94.44906095762488
2,463,787.3050048706173,95.39356097647824
2,464,787.0588373802079,96.36278828039903
2,465,786.9350864589023,97.355101592552
2,466,786.6293086865866,98.30720450398415
2,467,786.4925747771532,99.29781231639583
2,468,786.4013102786672,100.29363900378482
2,469,786.1785837394469,101.26851996509598
2,470,785.9255089993942,102.23596669538517
2,471,785.7218746529933,103.21501370802851
2,472,785.3580123984249,104.14646647639651
2,473,785.0413163380374,105.09499354787894
2,474,784.6930151993352,106.032376242822
2,475,784.2320409933277,106.91978977742453
2,476,783.8881322497464,107.85879285307888
2,477,783.3038344739538,108.670332198523
2,478,782.8250872667168,109.5482849942716
2,479,782.3295814308703,110.41688960319455
2,480,781.875472269282,111.30783565619747
2,481,781.3674893287825,112.16920278591714
2,482,780.8936698143182,113.04982476367645
2,483,780.3773481923614,113.90621952235956
2,484,780.0016295284663,114.83295329513409
2,485,779.586124053612,115.7425439725083
2,486,779.1801030688918,116.65640772601142
2,487,778.9654209041404,117.63309169134396
2,488,778.5616349757732,118.54794519002704
2,489,778.2564243941357,119.5002300743219
2,490,778.0347067092007,120.47534097477737
2,491,777.7647682917743,121.43821856346524
2,492,777.6330364885283,122.42950395729164
2,493,777.1592953726292,123.31016811297566
2,494,776.6269006494787,124.1566643378706
2,495,776.3585615807546,125.1199888648065
2,496,776.0491704458019,126.07092373408656
2,497,775.7889608139184,127.03647588051629
2,498,775.3827861670796,127.9502713479298
2,499,775.15576444459,128.9241610426683
2,500,774.988542065992,129.91008024630315
2,501,774.8234807645065,130.89636355588104
2,502,774.4693244803001,131.8315498081095
2,503,774.2842012373625,132.81426512035625
2,504,773.796078494798,133.6870401132332
2,505,773.5208799665908,134.64842753257702
2,506,773.1663863956788,135.58348598432326
2,507,772.7994621583608,136.51373681290048
2,508,772.6104072660003,137.495703333549
2,509,772.3192129412961,138.45236725847772
2,510,771.8875804318742,139.35441680080348
2,511,771.3957640717491,140.22511575446848
2,512,770.987485762014,141.13797325802523
2,513,770.4270363389172,141.96616191053778
2,514,769.8399360185359,142.7756760943593
2,515,769.3194663066366,143.62955622587393
2,516,769.0044620952135,144.5786464991281
2,517,768.5377168138489,145.46303829144858
2,518,768.1141603125888,146.36890797867753
2,519,767.7620198929397,147.3048551592649
2,520,767.7296093632042,148.30432980004485
2,521,767.6875392575141,149.30344446123607
2,522,767.4145780524832,150.26546950277503
2,523,767.1069576832793,151.21697867690364
2,524,766.8048596203921,152.17025553091813
2,525,766.7177600116015,153.16645513850114
2,526,766.4829012347317,154.13848464161677
2,527,766.2006409955021,155.09782251606458
2,528,766.0432989094571,156.0853666760691
2,529,765.9308861675242,157.07902827613782
2,530,765.7396520949463,158.0605727374259
2,531,765.4227639960724,159.00903566911697
2,532,765.0748771258918,159.94657218870222
2,533,764.7584256292827,160.89518088057352
2,534,764.4939325922318,161.85956847555366
2,535,764.1873590593466,162.81141545324195
2,536,763.7361328861587,163.7038250792715
2,537,763.3133654584635,164.61006329413559
2,538,763.0232525920694,165.56705573128053
2,539,762.9071081239152,166.56028806186447
2,540,762.6686328138657,167.53143662233128
2,541,762.3904693539594,168.49197037476947
2,542,762.180392114508,169.4696551672586
2,543,762.0073422789924,170.45456823673632
2,544,761.9183449279342,171.4506000994318
2,545,761.6553476120368,172.41539666442918
2,546,761.233205385321,173.32192627807856
2,547,761.0472118982541,174.30447725526435
2,548,760.6992121964454,175.24197189927094
2,549,760.3170148223264,176.16605261393636
2,550,760.0790038721613,177.13731508495098
2,551,759.6118879423975,178.0215111651057
2,552,759.1841744218277,178.9254255107833
2,553,758.6897149830062,179.79462621451074
2,554,758.2775324108574,180.70572748616874
2,555,757.792181602026,181.58004698862004
2,556,757.2200004636845,182.40017426223451
2,557,756.685483977116,183.24533230993114
2,558,756.2394791467607,184.1403628632084
2,559,755.6327314151272,184.9352573154205
2,560,755.1098639959486,185.78767133569553
2,561,754.5239242225044,186.59802593825933
2,562,754.0845147644375,187.49631282348105
2,563,753.6002557587987,188.3712375147875
2,564,753.0666269738032,189.21695633320428
2,565,752.5724028770238,190.08629087304647
2,566,751.9464441000034,190.86614701969864
2,567,751.428973288494,191.7218478781976
2,568,750.82118922712,192.51595022345276
2,569,749.9828923273784,193.06116422536724
2,570,749.302052877269,193.79359691386136
2,571,748.4942173202373,194.3830048479743
2,572,747.8180900652098,195.11978971142426
2,573,747.287637103531,195.9675040828054
2,574,746.5740039418129,196.66802368317082
2,575,745.8342714784858,197.34092477746339
2,576,745.2243912129237,198.13341834947386
2,577,744.5856978932424,198.90287974772227
2,578,743.9463108165355,199.6717647626239
2,579,743.293666210673,200.42942894842034
2,580,742.674357099045,201.2145762112026
2,581,742.1678666869308,202.07682180407988
2,582,741.5642659878206,202.87410857559544
2,583,741.1546613502911,203.78637171795862
2,584,740.5768290323441,204.60252722540557
2,585,740.2502490180448,205.54769678387655
2,586,739.919081511158,206.49126876437532
2,587,739.519112034024,207.40779722403232
2,588,739.0621542144338,208.29728558883278
2,589,738.67007909801,209.2172187946044
2,590,738.5112987065241,210.20453271999978
2,591,738.2709470751254,211.1752186080624
2,592,738.0601858484094,212.15275618039055
2,593,737.8250635188207,213.12472196689168
3,0,925.1653357347418,-6.738314201544724
3,1,924.8486857759598,-5.789771738813951
3,2,924.2236311467641,-5.009190730512417
3,3,923.5655963006461,-4.25620325299734
3,4,922.9351097612215,-3.480003070309686
3,5,922.3725319750617,-2.653258711683891
3,6,921.759259204184,-1.863387514272607
3,7,921.2683830578567,-0.9921581478214435
3,8,920.7773044987022,-0.1210428576682322
3,9,920.2925670122969,0.7536168300237742
3,10,919.7995042136265,1.623610552166266
3,11,919.2321468661014,2.447082251867802
3,12,918.5969350079512,3.2194201929696065
3,13,918.1238584515555,4.100441516087771
3,14,917.5053786904894,4.886242244740715
3,15,916.9743753900782,5.733611995765875
3,16,916.3456061842948,6.51120397480016
3,17,915.8126866471946,7.357369896459133
3,18,915.2598333120364,8.19064847520965
3,19,914.8499627393724,9.102792166556561
3,20,914.3735398684948,9.982008435801436
3,21,913.8756666037913,10.84925823389506
3,22,913.344784820621,11.696704121428873
3,23,912.8585833370123,12.570550857039096
3,24,912.268075668547,13.377582884584227
3,25,911.8359558439356,14.279399083805474
3,26,911.3724241197527,15.165479407859713
3,27,910.9037913114378,16.048872463623045
3,28,910.2762484243051,16.82745445982456
3,29,909.651292485673,17.60811448491137
3,30,909.0145737929741,18.37921065684317
3,31,908.4395163786464,19.19732371151634
3,32,907.8264888332609,19.987385246207552
3,33,907.2116759768012,20.776058278288552
3,34,906.6672646537322,21.61487668015768
3,35,906.0771322077471,22.42218312519302
3,36,905.4187328211535,23.174851875529562
3,37,904.8577292600881,24.002665262998025
3,38,904.131313794256,24.689921089455623
3,39,903.5471373445678,25.501547774348143
3,40,903.0231363288957,26.353265412755743
3,41,902.3854207980964,27.12353737886738
3,42,901.7717380677561,27.913090104454515
3,43,901.2352958719434,28.75702716997044
3,44,900.5549591938759,29.48992689331325
3,45,899.845708195898,30.194882935820505
3,46,899.1519261816916,30.915067993124218
3,47,898.3699717411212,31.538403579203017
3,48,897.7205434628706,32.298826429601775
3,49,897.0199502082965,33.012387283099976
3,50,896.2896612496954,33.69552565630517
3,51,895.632793354549,34.44953133819746
3,52,894.9607381262663,35.19003236462344
3,53,894.2751952906916,35.918064658269955
3,54,893.5904604825892,36.646856976130714
3,55,892.886643330752,37.357238153232046
3,56,892.2468888058,38.12581745805592
3,57,891.575936401501,38.86731787691315
3,58,890.9683610469752,39.66157991715733
3,59,890.3448016024415,40.44335585637063
3,60,889.7594414974479,41.25412928186128
3,61,889.2919125704855,42.13810705446265
3,62,888.7688674149681,42.99041202645904
3,63,888.239592672461,43.83886252409813
3,64,887.6396374148096,44.63889607890474
3,65,886.9892092929505,45.39846388910659
3,66,886.3348989578776,46.15469003611348
3,67,885.643601153153,46.87725999479077
3,68,885.0383230430505,47.6732740709419
3,69,884.3323764363698,48.38153912621151
3,70,883.575493027983,49.035089052467185
3,71,882.9370843974338,49.80478666870375
3,72,882.2764164673663,50.55546495277778
3,73,881.5213758967711,51.21114302680138
3,74,880.8054601955847,51.909329755975456
3,75,880.0744580315601,52.59170489927367
3,76,879.2809805656238,53.20030453043638
3,77,878.564494843669,53.89790628662306
3,78,877.9751614063924,54.70579619230813
3,79,877.2874832142745,55.431811828562275
3,80,876.5166803096952,56.0688855152674
3,81,875.8819376164025,56.84160908376493
3,82,875.1745278550409,57.5484127549002
3,83,874.4129047010078,58.196432948444205
3,84,873.6771355491182,58.87366537171383
3,85,873.0005408030585,59.610020958101444
3,86,872.4145013901516,60.42030350543892
3,87,871.8231115341028,61.22668929286492
3,88,871.214525093422,62.02017687576675
3,89,870.5012208093513,62.72103135304877
3,90,869.7858117405334,63.419737202640185
3,91,869.1745131170961,64.21113722347903
3,92,868.4697522158901,64.92058212770435
3,93,867.7807065307459,65.6453000340542
3,94,866.9993328356718,66.26936345122134
3,95,866.2783423485614,66.96230841115413
3,96,865.640386354841,67.73238123243547
3,97,864.9171303553417,68.4229612489348
3,98,864.2115925008347,69.13163348336887
3,99,863.4285363828311,69.7535845393669
3,100,862.7365528979084,70.47549786975648
3,101,861.9485966081049,71.09122904921651
3,102,861.205309574166,71.76020168331921
3,103,860.4906747231092,72.45969938142485
3,104,859.68231495829,73.04838817070271
3,105,858.8413145015134,73.58942257968377
3,106,858.1830511260769,74.3422102845242
3,107,857.5355518193882,75.10427632355074
3,108,856.8780141262748,75.85769797318339
3,109,856.1256731917002,76.51647192391569
3,110,855.3381923043682,77.13281099625073
3,111,854.5806965721139,77.78565111114601
3,112,853.8790597280158,78.49818583942536
3,113,853.2798037824367,79.29874333997616
3,114,852.6203797639424,80.05051455772315
3,115,851.9072211485407,80.7515172604841
3,116,851.2206458920815,81.478576004478
3,117,850.4244717555293,82.08364355796716
3,118,849.630362171657,82.69141816158445
3,119,848.7870970770341,83.22891605012975
3,120,848.0470534999222,83.9014749724372
3,121,847.3112162657159,84.57863342121826
3,122,846.4865118215288,85.14419736962564
3,123,845.6954417391653,85.75592290022689
3,124,844.9008444143161,86.36305969810907
3,125,844.1191467125208,86.98671721871462
3,126,843.3581132405757,87.6354298319566
3,127,842.5474933641899,88.22100255673841
3,128,841.6799723258987,88.71840304741188
3,129,840.9487210048492,89.40051118067473
3,130,840.0822542765942,89.89974600400654
3,131,839.2988547024918,90.52126439254874
3,132,838.4832192181126,91.09983051376703
3,133,837.7793487812888,91.8101588942824
3,134,837.1288528350533,92.56966862031044
3,135,836.4971021836221,93.3448402880179
3,136,835.7250969867937,93.98045650561302
3,137,835.0368106671297,94.70589564307618
3,138,834.2661961787018,95.3431972280616
3,139,833.5382968172987,96.02888120750775
3,140,832.8593276499997,96.76304799363835
3,141,832.1306488848222,97.44790364060304
3,142,831.3591495265014,98.08413374057513
3,143,830.6219324000082,98.75978965034368
3,144,829.8764078156051,99.42626777755463
3,145,829.1555172658963,100.11931670464453
3,146,828.3354681844371,100.69160990222603
3,147,827.5386657727078,101.295849851801
3,148,826.8292444655042,102.00063450606469
3,149,826.0095055429535,102.5733718794354
3,150,825.1672287856785,103.11241720605858
3,151,824.4681304863205,103.82744277751377
3,152,823.7043637706363,104.47293515083274
3,153,822.9849481238923,105.16751497145806
3,154,822.3564336743245,105.94531288009796
3,155,821.6559357660497,106.65896733465037
3,156,821.0175644802374,107.42869592412225
3,157,820.2320921637365,108.04759271681928
3,158,819.3929183815281,108.59145608500474
3,159,818.6794701052023,109.29216398206864
3,160,817.9664831445693,109.99334127346317
3,161,817.4032252755803,110.81962244414416
3,162,816.7286000647451,111.55778287718402
3,163,815.9571162390595,112.1940318117257
3,164,815.3331298253269,112.97546700128218
3,165,814.6960248186941,113.74624401866366
3,166,813.9889564559986,114.45338921625397
3,167,813.4660403426601,115.30577336580797
3,168,812.7703306066933,116.02409638735261
3,169,812.0906398829524,116.7575952081155
3,170,811.4319337634169,117.50999553246847
3,171,810.794069726709,118.28014452498537
3,172,810.3946832228918,119.19692717129179
3,173,809.8403220750679,120.02920339814403
3,174,809.2870042976573,120.86217364803377
3,175,808.8936022202431,121.78154017205249
3,176,808.4145281502085,122.65931465073164
3,177,807.98623416687,123.5629541052908
3,178,807.5791105566931,124.47632717585753
3,179,807.1416513310032,125.37556542340866
3,180,806.7581477704895,126.29910482109197
3,181,806.3964762352425,127.23141040435965
3,182,805.9833556390089,128.14208673158444
3,183,805.4554985354138,128.99141992779437
3,184,804.9395548656879,129.848042440731
3,185,804.5211294381875,130.75629359631574
3,186,804.0574331373259,131.64228780654923
3,187,803.691583821392,132.5729619052705
3,188,803.2733124540333,133.4812840195273
3,189,803.0549674589164,134.457155662269
3,190,802.7161271473052,135.39799956176947
3,191,802.3513209005283,136.3290830179175
3,192,802.0193636782465,137.27237745899882
3,193,801.6053952567058,138.18266870138618
3,194,801.2461569925022,139.1159145797762
3,195,800.8307813973948,140.02556457564782
3,196,800.3621059481019,140.90893500940146
3,197,799.8144987656074,141.74567055524642
3,198,799.3957381940793,142.65376723717705
3,199,798.9683578384252,143.55783915444968
3,200,798.5366000412336,144.45982873563358
3,201,797.962845153292,145.27885579780136
3,202,797.5366813501286,146.18350181303228
3,203,796.9227074616143,146.9728281487279
3,204,796.4802687149929,147.86962687502498
3,205,796.0483801528508,148.77155385094423
3,206,795.6143424635901,149.67244856416062
3,207,795.0127182654091,150.47122783540092
3,208,794.5074801334897,151.33420780623138
3,209,794.0745532410391,152.23563684159308
3,210,793.5706266331944,153.09938331707423
3,211,793.2702895607817,154.05321644867254
3,212,792.7987689591625,154.9350714947253
3,213,792.433153847225,155.86583762535258
3,214,792.1547499804018,156.82630172511784
3,215,791.7352791873889,157.73407055792117
3,216,791.3108040792458,158.63951016527605
3,217,790.916578432899,159.5585238429558
3,218,790.3255847884294,160.36520005569332
3,219,789.7721952860395,161.19812265632595
3,220,789.226579881778,162.03615835403374
3,221,788.7865754473404,162.93415395406484
3,222,788.1754851308456,163.72571483301624
3,223,787.6934316847836,164.60185664524747
3,224,787.0912129442676,165.4001877723941
3,225,786.613887855748,166.27891455579712
3,226,786.0485937706526,167.10380400133283
3,227,785.479015084998,167.92574081207195
3,228,785.0864964978472,168.84548488448618
3,229,784.6212965772389,169.73069052944453
3,230,784.1033549630984,170.58610650097035
3,231,783.6755103985192,171.4899588277141
3,232,783.1169281595885,172.319407971635
3,233,782.565190268183,173.15342553691005
3,234,782.1385285734506,174.0578368361805
3,235,781.7869460188828,174.99399371797094
3,236,781.3366376277363,175.8868668068604
3,237,780.9233215951537,176.79745445075315
3,238,780.3818172203244,177.6381523822605
3,239,779.9050222787774,178.5171669348791
3,240,779.3045858038291,179.3168393925464
3,241,778.8330122339801,180.19866611487896
3,242,778.3612332693393,181.0803829676852
3,243,777.8186359589747,181.92037591931341
3,244,777.1208158986148,182.63664902599768
3,245,776.6471858047067,183.5173728954055
3,246,775.9888019004155,184.2700551886543
3,247,775.4112720487894,185.08642475599544
3,248,774.7168733231827,185.80601520192678
3,249,774.109191924136,186.60019611157685
3,250,773.4892881937313,187.38487398499396
3,251,772.8790720385896,188.17710895266708
3,252,772.18113224991,188.8932653960353
3,253,771.4949028951143,189.62065062589397
3,254,770.7059189144136,190.23506439380424
3,255,769.8953134216741,190.82065702963624
3,256,769.0159793377946,191.29686241487232
3,257,768.1148582551203,191.73042993482719
3,258,767.3595488630634,192.38579832151564
3,259,766.5243179495652,192.93569769516225
3,260,765.7961039266524,193.6210474867528
3,261,765.0727477086714,194.31152252750965
3,262,764.3049029981762,194.95215854005082
3,263,763.5026140489692,195.54909441766276
3,264,762.7273143680837,196.18068796165994
3,265,761.96425972285,196.82702193754798
3,266,761.282115257903,197.55823936686852
3,267,760.4854722176285,198.16268941971177
3,268,759.7018796781828,198.78396450542257
3,269,758.9207160667219,199.4082908721006
3,270,758.2304714954013,200.13186701305779
3,271,757.4898708410889,200.8038124504499
3,272,756.6704156135917,201.37695565256226
3,273,755.8818110647577,201.99185634825096
3,274,755.2858619066014,202.79487851537513
3,275,754.5123291987384,203.42863489590792
3,276,753.7817524982087,204.11146553716765
3,277,753.0307372781523,204.77175042965243
3,278,752.3174659401872,205.47263843671024
3,279,751.3866569464547,205.83814441092494
3,280,750.5232634248631,206.34267550696728
3,281,749.609841326316,206.74968910610838
3,282,748.6970572882622,207.1581316355715
3,283,747.8165584210908,207.63217988724
3,284,746.9966063987926,208.2046121374924
3,285,746.0650956645069,208.56832596993561
3,286,745.2042638069121,209.07721545985456
3,287,744.3662445841693,209.6228561679342
3,288,743.607118977296,210.27380033834294
3,289,742.7823022675653,210.83920054646921
3,290,741.9755567717298,211.43009961141098
3,291,741.0232011336093,211.73508934654984
3,292,740.05618963074,211.9898220561073
3,293,739.1665633555813,212.44651132743635
3,294,738.300274676667,212.94605504402674
3,295,737.3399679970772,213.2250014208367
3,296,736.4582102664692,213.69670398020335
3,297,735.6175137492568,214.23821055075157
3,298,734.7242703422354,214.68778392164103
3,299,733.7823610542428,215.02365129605107
3,300,732.8355429938114,215.34542071728453
3,301,731.8963795307475,215.6888912249642
3,302,730.9176256259245,215.8939297427938
3,303,730.018117576671,216.3308339306062
3,304,729.170589182258,216.86158398540007
3,305,728.1774796482723,216.97877380367245
3,306,727.1976727625602,217.1787199632029
3,307,726.4025265981268,217.78513778713852
3,308,725.476271703122,218.1620354781368
3,309,724.4796352532029,218.24398538169106
3,310,723.5118493522704,218.49575998318267
3,311,722.5257403652114,218.6618595486291
3,312,721.626908504548,219.1001531559936
3,313,720.824353008912,219.69673062491472
3,314,719.8943260258862,220.06422186405393
3,315,718.9213680229299,220.29520395098515
3,316,717.9393138985251,220.4838032530506
3,317,716.9393147244882,220.48251798048378
3,318,715.9395588817267,220.50461447034627
3,319,714.9974591825497,220.1692815658907
3,320,714.0030106249669,220.2745054525389
3,321,713.0213273080168,220.08398546612844
3,322,712.0220826012131,220.04512654276718
3,323,711.1026824492211,219.65180306200728
3,324,710.1517689203342,219.34234634357975
3,325,709.1685717104914,219.15979978360875
3,326,708.1716480719036,219.2381787273688
3,327,707.1813606815381,219.09914317622068
3,328,706.2189926179385,218.82739382449455
3,329,705.2229868227192,218.73810521441663
3,330,704.2234687008915,218.76914589962269
3,331,703.2249258965309,218.82311133170094
3,332,702.2334257558142,218.9532169463329
3,333,701.3256230702427,219.37261447144394
3,334,700.411720135076,219.77854725540425
3,335,699.4289625381482,219.96344589163692
3,336,698.4393559964901,220.1072474657157
3,337,697.5377967025372,220.53990303252033
3,338,696.5643623176136,220.76886918339915
3,339,695.5768226509815,220.92623946912104
3,340,694.5769749518975,220.90878728770338
3,341,693.6181251956128,221.19270126212697
3,342,692.7067939016792,221.60437500758243
3,343,691.7750225716172,221.9674207188565
3,344,690.7776744165118,222.04019885779857
3,345,689.7776994818528,222.04727911582637
3,346,688.7921183990563,222.21648292557617
3,347,687.8736506456513,222.61197879907564
4,0,1501.9903219869504,0
4,1,1502.6525070200441,0.7493403645519285
4,2,1503.052759693177,1.6657451864783972
4,3,1503.6607705739707,2.4596738790172528
4,4,1504.196077092751,3.3043317570669366
4,5,1504.6377804587294,4.201492911198915
4,6,1504.9638843876578,5.146826835025528
4,7,1505.4884188571316,5.9982160470396115
4,8,1505.969210511452,6.875050914694764
4,9,1506.3271105856745,7.8088108072108255
4,10,1506.6518277332116,8.754621979747627
4,11,1507.0056659124368,9.689928636904837
4,12,1507.2711457317484,10.654045053909657
4,13,1507.5714107798574,11.607900861086069
4,14,1507.6442232873576,12.60524650766579
4,15,1507.8488004660878,13.584096944628852
4,16,1508.1518048755627,14.537086098732328
4,17,1508.4390534492404,15.494942171908306
4,18,1508.7189820578735,16.454962991510016
4,19,1509.006479003905,17.41274454594846
4,20,1509.3193060366848,18.3625546572666
4,21,1509.3855989257454,19.360354864151727
4,22,1509.6301226769217,20.329998167181575
4,23,1509.8121365804082,21.313294124123118
4,24,1510.0009079066394,22.29531519639848
4,25,1510.0257978331883,23.295005394187967
4,26,1510.0092763396676,24.29486890499924
4,27,1510.283766893164,25.25645870113955
4,28,1510.4122929711616,26.248164830632838
4,29,1510.5686659420776,27.23586290897809
4,30,1510.8153472224233,28.20495957388156
4,31,1511.012673596794,29.185297424817485
4,32,1511.1426894727433,30.176809337000662
4,33,1511.245625312602,31.17149733475301
4,34,1511.2927677727494,32.1703855109025
4,35,1511.4648068101706,33.15547564363308
4,36,1511.7178879582077,34.12292069763264
4,37,1511.9774632931953,35.08864355925807
4,38,1512.1990015191004,36.063795247182995
4,39,1512.3812655539348,37.04704487042519
4,40,1512.3957406335303,38.04694010097222
4,41,1512.453580703317,39.0452659627664
4,42,1512.4143372074984,40.044495640085856
4,43,1512.5130427739143,41.03961232226867
4,44,1512.476214079709,42.03893391579256
4,45,1512.542025901043,43.03676596787984
4,46,1512.4519263313791,44.03269873044284
4,47,1512.3554537468399,45.028034372541676
4,48,1512.1979138113506,46.015546989537555
4,49,1512.2309592606057,47.01500083953941
4,50,1512.2169853417083,48.014903199567954
4,51,1512.1958277743342,49.014679353185755
4,52,1512.16727021035,50.01427150278442
4,53,1512.2699341570847,51.00898759999047
4,54,1512.3889588570855,52.001878893531554
4,55,1512.4651800265756,52.998969828863714
4,56,1512.467415578265,53.998967330014914
4,57,1512.4900736868633,54.99871060211768
4,58,1512.536482971714,55.9976331107637
4,59,1512.5026992333715,56.99706227735011
4,60,1512.5505691958326,57.99591585355333
4,61,1512.5725140391582,58.9956750364826
4,62,1512.6896248728372,59.9887938876958
4,63,1512.772222032356,60.98537690442819
4,64,1512.7982977628496,61.98503687475772
4,65,1512.7633495177536,62.98442599825502
4,66,1512.7187797771303,63.983432273621084
4,67,1512.859143201024,64.97353232373362
4,68,1512.8313600990682,65.97314629884887
4,69,1513.0423849948997,66.95062698578815
4,70,1513.197495733807,67.93852407489997
4,71,1513.388900041137,68.92003535406876
4,72,1513.3446272394062,69.9190548328713
4,73,1513.459276278493,70.91246089175984
4,74,1513.3700882072476,71.90847569483634
4,75,1513.4404240046006,72.905999065796
4,76,1513.4855611124708,73.90497986715962
4,77,1513.4715069590154,74.90488110266774
4,78,1513.5742601661507,75.89958798332326
4,79,1513.7255762728305,76.88807340853663
4,80,1513.8852380554833,77.87524518445007
4,81,1513.9044141968436,78.87506130534557
4,82,1513.8932308700037,79.87499876999063
4,83,1513.857949366594,80.87437618394252
4,84,1513.8042533128819,81.87293351019662
4,85,1513.6621810125184,82.86278979343648
4,86,1513.685342568625,83.86252152861283
4,87,1513.6860839409956,84.8625212537963
4,88,1513.7214684484734,85.86189502603096
4,89,1513.638588654315,86.85845457754822
4,90,1513.7395323565147,87.85334671692124
4,91,1513.9197477313874,88.8369738915456
4,92,1514.0485213798072,89.82864790424968
4,93,1514.1125184398431,90.82659799133158
4,94,1514.2587598503346,91.8158469235309
4,95,1514.269848417957,92.81578544347504
4,96,1514.2945950211995,93.81547919939631
4,97,1514.253138705153,94.81461951679916
4,98,1514.3558676730506,95.80932890106911
4,99,1514.3706761445355,96.80921924964353
4,100,1514.383999310317,97.80913049233138
4,101,1514.4999021686956,98.80239104597261
4,102,1514.7198085039956,99.77791203687691
4,103,1514.9239351502515,100.75685652574661
4,104,1515.095174665303,101.74208595511064
4,105,1515.1933639493616,102.73725371207226
4,106,1515.3112970888312,103.73027524991262
4,107,1515.406837550188,104.7257007972258
4,108,1515.5315925170466,105.71788837941179
4,109,1515.5247377511735,106.71786488522821
4,110,1515.6562144390095,107.70918414790582
4,111,1515.7596356326173,108.7038217988686
4,112,1515.8942872139291,109.69471480603448
4,113,1515.9735997148632,110.69156460775767
4,114,1515.9112368964395,111.68961815285344
4,115,1515.904996830756,112.68959868345405
4,116,1515.796708861202,113.6837182515392
4,117,1515.7178767570279,114.68060615865389
4,118,1515.714766105213,115.68060132056483
4,119,1515.5805037692005,116.6715471440731
4,120,1515.6151193810836,117.67094784419992
4,121,1515.631243233052,118.67081784644905
4,122,1515.6192023833212,119.67074535279026
4,123,1515.6024851205561,120.670605609589
4,124,1515.5381944394599,121.6685368238138
4,125,1515.6166546210902,122.66545407208393
4,126,1515.6363445602613,123.66526020643971
4,127,1515.7666635841176,124.65673232002693
4,128,1515.8594501358639,125.65241834273442
4,129,1515.7467424554873,126.64604653214137
4,130,1515.5579307951152,127.62805985023208
4,131,1515.3616096037515,128.60859949237897
4,132,1515.2947154536223,129.6063595700923
4,133,1515.2369275794738,130.60468845457947
4,134,1515.089642956946,131.59378260579402
4,135,1515.0478672189874,132.59290961859972
4,136,1514.898133901797,133.58163603865896
4,137,1514.8669167774294,134.58114866546575
4,138,1514.788965200573,135.5781058118194
4,139,1514.781723424994,136.57807958981883
4,140,1514.633855317094,137.56708667910894
4,141,1514.6083052936503,138.56676022397346
4,142,1514.5335713951815,139.56396373601083
4,143,1514.4645517902995,140.56157903969356
4,144,1514.5666289498054,141.5563555238885
4,145,1514.639776893614,142.55367662479662
4,146,1514.8607636109277,143.5289534423058
4,147,1514.8675546114614,144.5289303831958
4,148,1514.9818319208848,145.52237927294857
4,149,1515.1708661647883,146.5043497687537
4,150,1515.150158215493,147.50413533618104
4,151,1515.1669533524996,148.5039942879202
4,152,1515.2218922518944,149.50248400611127
4,153,1515.1844473879419,150.5017827012788
4,154,1515.0415931148366,151.49152643409835
4,155,1514.9605474462137,152.4882368231269
4,156,1514.9347736826503,153.4879046245048
4,157,1514.883214667152,154.486574573948
4,158,1514.7438666266225,155.47681804077854
4,159,1514.6126291470184,156.46816899979717
4,160,1514.6189776554388,157.46814884781455
4,161,1514.572057887246,158.46704750901733
4,162,1514.5456094493725,159.46669768789695
4,163,1514.6337929103333,160.46280193807007
4,164,1514.7041571598131,161.46032330245038
4,165,1514.623186384277,162.45703977843993
4,166,1514.6617903931497,163.45629436586947
4,167,1514.578044525674,164.45278151063388
4,168,1514.530473290627,165.45164935854777
4,169,1514.368737251331,166.43848341430024
4,170,1514.1337335878782,167.41047789893673
4,171,1514.1317593670308,168.41047595016084
4,172,1513.9841821102555,169.39952648136878
4,173,1513.9248113007418,170.39776247900545
4,174,1513.8460875627818,171.39465894959886
4,175,1513.8522749346719,172.3946398076302
4,176,1514.000451839674,173.38360067886018
4,177,1514.224345525011,174.3582142523683
4,178,1514.2891732937364,175.35611072014544
4,179,1514.3015338883993,176.35603432507713
4,180,1514.5366826250722,177.32799372322145
4,181,1514.7020110770004,178.31423228613767
4,182,1514.7847439527743,179.31080404535334
4,183,1514.765525383156,180.31061935158834
4,184,1514.9236026093515,181.29804610358482
4,185,1514.9223166948827,182.29804527679647
4,186,1514.9231445157836,183.2980449341527
4,187,1515.1268098909106,184.27708549254362
4,188,1515.1009007960897,185.27674979560018
4,189,1515.0903147540805,186.27669376188757
4,190,1515.2822581370099,187.25809976235303
4,191,1515.267041013322,188.25798397522303
4,192,1515.27518039904,189.25795084987445
4,193,1515.2960315185028,190.25773344164986
4,194,1515.342273046579,191.25666373004898
4,195,1515.4575212844204,192.2500004522507
4,196,1515.5248934220713,193.24772836860282
4,197,1515.4954785289738,194.2472956570152
4,198,1515.539289525992,195.24633549432914
4,199,1515.5954390992724,196.24475786257838
4,200,1515.4345841833624,197.2317359251652
4,201,1515.339753713341,198.2272293615853
4,202,1515.0373859668118,199.18042070956264
4,203,1514.9646639389384,200.1777729575984
4,204,1514.8919094795474,201.17512284035706
4,205,1514.863856553776,202.17472927958985
4,206,1514.794565520557,203.17232576751243
4,207,1514.6771217231292,204.16540529828816
4,208,1514.6607373462866,205.16527106537666
4,209,1514.6021877506087,206.16355556633115
4,210,1514.611487564541,207.16351232212654
4,211,1514.6820256736255,208.16102140738178
4,212,1514.6706811085096,209.16095705573238
4,213,1514.7758110277778,210.15541555163588
4,214,1514.747982678765,211.15502826813724
4,215,1514.8450214299824,212.1503088721692
4,216,1514.9191101790557,213.147560524091
4,217,1515.0804887449474,214.13445310105706
4,218,1515.2614296254303,215.11794707550226
4,219,1515.373485773379,216.111648952177
4,220,1515.6317990430346,217.07771015868505
4,221,1515.7830261656068,218.0662092013748
4,222,1516.0493017165188,219.0301061517727
4,223,1516.231931947003,220.0132878231404
4,224,1516.2912232109193,221.0115285486286
4,225,1516.5682757434781,221.97238332131943
4,226,1516.8842164241275,222.92116226623273
4,227,1517.1278479126577,223.89103014269665
4,228,1517.3430129602782,224.867607841747
4,229,1517.7550621236182,225.7787694558368
4,230,1518.0140696321218,226.74464476380297
4,231,1518.180843582195,227.7306399207774
4,232,1518.446778732262,228.69463084187512
4,233,1518.7637442965827,229.64306788830194
4,234,1519.0355294733456,230.60542583506188
4,235,1519.2017593087426,231.59151287068497
4,236,1519.5110770763984,232.5424716072306
4,237,1519.822056721538,233.49288817921826
4,238,1520.131224835783,234.4438955804167
4,239,1520.3467007427546,235.42040473731936
4,240,1520.6091552740525,236.38534909789215
4,241,1520.9242399904965,237.33441264764178
4,242,1521.2092980026796,238.29292291346593
4,243,1521.3851231527494,239.27734432556693
4,244,1521.6370848232955,240.24508154019478
4,245,1522.0083810143572,241.17359601962045
4,246,1522.3226219401886,242.12293928763924
4,247,1522.514835312415,243.10429244503842
4,248,1522.7431985745795,244.0778684412984
4,249,1523.001781136621,245.0438576020078
4,250,1523.3036200347133,245.9972165478401
4,251,1523.540568900928,246.9687386704907
4,252,1523.5485484459164,247.96870683341479
4,253,1523.5899048934305,248.96785128956165
4,254,1523.9059562368693,249.9165933769123
4,255,1524.0722428752808,250.90267083527232
4,256,1524.233957622844,251.88950838037312
4,257,1524.600366907418,252.81996216008383
4,258,1524.9771016698126,253.746283334841
4,259,1525.2619116511414,254.70486732935345
4,260,1525.5633462587102,255.65835418157522
4,261,1525.7317319979427,256.6440753606229
4,262,1525.9096279486112,257.6281246636234
4,263,1526.157524516507,258.5969111682907
4,264,1526.3120205081434,259.5849045835361
4,265,1526.3196819168263,260.5848752345139
4,266,1526.4480953472198,261.57659595674096
4,267,1526.4170147424056,262.5761128380413
4,268,1526.3868159554656,263.5756567506671
4,269,1526.5587789345138,264.5607601634299
4,270,1526.597144171665,265.56002394671157
4,271,1526.5246199107332,266.5573905952297
4,272,1526.5669190301496,267.55649558695814
4,273,1526.6625108558978,268.5519162030045
4,274,1526.6121437235045,269.55064697352003
4,275,1526.4597189346648,270.5389620466355
4,276,1526.4327719993364,271.53859891204036
4,277,1526.3279456631642,272.5330894546021
4,278,1526.363414297315,273.5324602446452
4,279,1526.4682148210086,274.526953507686
4,280,1526.479785776938,275.5268865619346
4,281,1526.4674689231933,276.52681070661447
4,282,1526.6306081506425,277.51341376380987
4,283,1526.711993758202,278.51009645297535
4,284,1526.66823778638,279.50913870179664
4,285,1526.5945823352995,280.5064224500479
4,286,1526.6189027556875,281.50612666487956
4,287,1526.7827456306745,282.4926131129953
4,288,1526.9228659059795,283.4827476030766
4,289,1526.993300280908,284.48026401839434
4,290,1527.0165001200314,285.47999486590516
4,291,1526.9755925801574,286.479157802158
4,292,1526.9750179768569,287.4791576370735
4,293,1526.9555435559662,288.4789679925565
4,294,1526.8557373612723,289.4739748887641
4,295,1526.752463132809,290.4686278100061
4,296,1526.5666805641742,291.4512186898699
4,297,1526.4602484993368,292.4455386663234
4,298,1526.3905741596197,293.44310845655616
4,299,1526.2125351162783,294.4271318805894
4,300,1526.1356879328116,295.42417476351534
4,301,1526.169216527188,296.4236125221372
4,302,1526.1411829383264,297.4232195038533
4,303,1526.2167844253215,298.42035761623504
4,304,1526.2133606485163,299.42035175509403
4,305,1526.1165278459985,300.4156524173849
4,306,1526.2110892399628,301.4111714492328
4,307,1526.3650706358476,302.39924519633945
4,308,1526.4318317458576,303.39701418472816
4,309,1526.4279896023918,304.3970068036677
4,310,1526.436810931746,305.396967894985
4,311,1526.3655050251932,306.39442238903
4,312,1526.4072765445878,307.3935495782144
4,313,1526.2501690408735,308.3811310848642
4,314,1526.117372082934,309.37227434795085
4,315,1525.907927218595,310.35009480631834
4,316,1525.6778047444377,311.3232564819343
4,317,1525.4156294468914,312.28827674770935
4,318,1525.167448103884,313.2569903385002
4,319,1524.9729335728637,314.2378899751715
4,320,1524.8074936146206,315.22410983920616
4,321,1524.621992163873,316.20675382955596
4,322,1524.351489008432,317.16947291781406
4,323,1523.9864653122459,318.10047114618106
4,324,1523.7754925604509,319.0779630888589
4,325,1523.3543541164672,319.9849594565468
4,326,1523.0681020886727,320.94311381602313
4,327,1522.8146963571999,321.9104739016462
4,328,1522.5119570611757,322.86354730839025
4,329,1522.2053540530112,323.8153847920945
4,330,1521.7666988178146,324.7140402236336
4,331,1521.4877016229257,325.67433214031524
4,332,1521.0530371363654,326.5749246031548
4,333,1520.5452976311904,327.43643525014915
4,334,1520.076743613052,328.3198700989561
4,335,1519.488183951503,329.12832388538874
4,336,1519.115702366315,330.05636346897114
4,337,1518.485164274873,330.83252177449936
4,338,1517.8492253398508,331.60426115468096
4,339,1517.3347198700928,332.46174825172034
4,340,1516.9108616794376,333.36747681713854
4,341,1516.3095696565122,334.16650616776724
4,342,1515.7667002893352,335.0063233205933
4,343,1515.2143412610385,335.8399296448611
4,344,1514.681448969715,336.6861127254341
4,345,1514.3746737219203,337.63789471062853
4,346,1513.7625785611433,338.42867882412173
4,347,1513.1648447708,339.2303734766434
4,348,1512.598657051509,340.05464980562783
4,349,1511.9577283641315,340.8222502340387
4,350,1511.4563713863533,341.6874907675512
4,351,1510.8332549254746,342.4696198337429
4,352,1510.2311655141016,343.2680485035141
4,353,1509.8415582834907,344.18902961399124
4,354,1509.4590362309857,345.1129759757176
4,355,1509.0706367135413,346.03446705806664
4,356,1508.5276807117032,346.8742282027191
4,357,1508.0410381687507,347.74782939055524
4,358,1507.4514725002514,348.5555498388089
4,359,1506.9616908310093,349.4273949606478
4,360,1506.442866188404,350.28227564836124
4,361,1506.000645319251,351.17918183235463
4,362,1505.4487028719873,352.01306403920915
4,363,1505.0142716259807,352.9137690366934
4,364,1504.5517545165615,353.8003793927656
4,365,1504.062647218593,354.67260301723013
4,366,1503.4463448332997,355.46011261709657
4,367,1502.9429751600308,356.3241837785371
4,368,1502.262021153616,357.0565099634764
4,369,1501.7335467464088,357.90545919689794
4,370,1501.0341832281183,358.62022536095753
4,371,1500.4932801460457,359.46131028877653
4,372,1499.7757169195377,360.15780365986024
4,373,1499.0559420891632,360.85201126105693
4,374,1498.3474081489248,361.5576879969143
4,375,1497.7336326317654,362.34716859486196
4,376,1497.3182211575981,363.2568022063398
4,377,1496.7619169240584,364.08778090627476
4,378,1496.1686900213977,364.8928162110655
4,379,1495.5757024910176,365.69802785331484
4,380,1495.0772328874389,366.56493503076126
4,381,1494.61018087314,367.4491648741501
4,382,1494.1060001345413,368.3127630346541
4,383,1493.61633504121,369.1846736357898
4,384,1492.9683047061437,369.9462881608835
4,385,1492.254339374265,370.6464692123805
4,386,1491.6193702619107,371.41900673661854
4,387,1491.01541777346,372.2160270573723
4,388,1490.560931052406,373.1067805700712
4,389,1489.9644173758038,373.9093834816199
4,390,1489.3082207958034,374.6639734685637
4,391,1488.659806106131,375.4252607929144
4,392,1487.9769442861582,376.1558083511358
4,393,1487.3606001306646,376.94328525999657
4,394,1486.709566876052,377.7023344688022
4,395,1486.0457256118689,378.4502079714534
4,396,1485.403732018325,379.2169179725937
4,397,1484.64383231787,379.8669583138407
4,398,1483.9262449299413,380.56342679172445
4,399,1483.1524849389425,381.1969056598248
4,400,1482.568063717821,382.0083561119799
4,401,1481.7872550121726,382.6331262818694
4,402,1480.995877353817,383.24445385515185
4,403,1480.186911422994,383.8323093839747
4,404,1479.320526788744,384.33168666172713
4,405,1478.5136602191683,384.92242039100046
4,406,1477.7316943120366,385.5457415923754
4,407,1476.8994999644603,386.10022564792814
4,408,1476.0327884291146,386.5990353456073
4,409,1475.2732811655862,387.2495341670112
4,410,1474.3852745465176,387.709364836378
4,411,1473.6935922806056,388.4315667769894
4,412,1472.8117530710601,388.9031169954268
4,413,1471.975974165426,389.4521831306936
4,414,1471.1280454168714,389.9822933431727
4,415,1470.435158790673,390.7033398903773
4,416,1469.5797667432064,391.2213210146768
4,417,1468.6752295638382,391.6477157744248
4,418,1467.9547293401993,392.3411704793163
4,419,1467.1347350420033,392.9135421688031
4,420,1466.2507594463475,393.3810752117903
4,421,1465.5341037188339,394.07850231781777
4,422,1464.77701530497,394.73181474965514
4,423,1463.8688249127545,395.15037204739025
4,424,1463.0860111094037,395.77262806325797
4,425,1462.1790666330403,396.1938782463962
4,426,1461.2250363984383,396.49358862570443
4,427,1460.239832972733,396.6649776859696
4,428,1459.26114427986,396.87032724755284
4,429,1458.3012600412476,397.15072383894335
4,430,1457.3012886526546,397.1431593167773
4,431,1456.3015752824203,397.16710043986984
4,432,1455.3650806801675,397.5177824324947
4,433,1454.4691142921245,397.961904298087
4,434,1453.5715084613769,398.40270331420186
4,435,1452.622224671908,398.7171238718178
4,436,1451.6343005229621,398.5621855746497
4,437,1450.6475401469809,398.724370532008
4,438,1449.6601765313403,398.5658994289353
4,439,1448.6958369065483,398.3012315463804
4,440,1447.7246026347086,398.5393575407701
4,441,1446.783402469381,398.87720698769465
4,442,1445.7894411549282,398.76747592841036
4,443,1444.7898565073242,398.7386569715548
4,444,1443.8464600911611,398.4069896654018
4,445,1442.8759509605432,398.6480540289799
4,446,1441.890017723161,398.4809144124161
4,447,1440.908233303302,398.2909161152606
4,448,1439.9289636527494,398.4934770974523
4,449,1438.9784867630992,398.1826818557885
4,450,1438.0104941559769,397.93170314641986
4,451,1437.0910909682323,398.3250195309823
4,452,1436.1330860850328,398.03826764560733
4,453,1435.174386223516,398.3226873627995
4,454,1434.2189853386833,398.0273754103479
4,455,1433.2282816494383,397.89133791508937
4,456,1432.926191853727,396.9380584412061
4,457,1432.5075889418204,396.0298890725621
4,458,1431.7201351415147,395.41351539338365
4,459,1430.7765437804671,395.08240311128486
4,460,1429.8103872599804,394.82444656858587
4,461,1428.878324750258,394.4621490693264
4,462,1427.9323913222602,394.13778823661585
4,463,1427.1432924288292,393.52352205946954
4,464,1426.3684460944637,392.89137242677157
4,465,1425.4145191563011,392.59133343489236
4,466,1424.6510050815762,391.9455422475129
4,467,1423.820688660708,391.3882500070892
4,468,1423.0037196609828,390.8115684194794
4,469,1422.111233668331,390.36049331163133
4,470,1421.1205545902071,390.496709919164
4,471,1420.139636212101,390.6911299168338
4,472,1419.3065297715827,390.1380172169555
4,473,1418.3452262548044,389.8625257495201
4,474,1417.647897222154,389.14577459310476
4,475,1416.651027593606,389.06671168347805
4,476,1415.7382127025985,388.6583381109306
4,477,1414.8226655742878,388.25612740018033
4,478,1413.841667457345,388.45014465342024
4,479,1412.8419437260027,388.42664016468325
4,480,1411.8613477547065,388.23060052308614
4,481,1410.8653079029457,388.319508417585
4,482,1409.9248431298176,388.6593995920885
4,483,1408.9290671231613,388.56758377336627
4,484,1407.9379445744896,388.4346323028427
4,485,1406.9876771367396,388.7460673630913
4,486,1406.0150733722423,388.51359818817645
4,487,1405.02177986039,388.39797812368755
4,488,1404.0220701560795,388.42207183878793
4,489,1403.1120059554746,388.83653914844854
4,490,1402.114818814999,388.76158711798865
4,491,1401.131778891709,388.57819543546645
4,492,1400.1486358355476,388.76103342692755
4,493,1399.1537868684618,388.6596651247406
4,494,1398.154369871695,388.6255232651902
4,495,1397.155101677202,388.5872730955879
4,496,1396.17011643481,388.4146345359617
4,497,1395.1707405830523,388.3793088098791
4,498,1394.171462584143,388.4173019789449
4,499,1393.2412187024056,388.050360130023
4,500,1392.2526088539269,388.2008611848068
4,501,1391.2701418058116,388.01442487029755
4,502,1390.3435190271757,387.63843254841703
4,503,1389.5009638570234,387.09982249907733
4,504,1388.54260078389,386.8142700169404
4,505,1387.579181549962,387.0822688596571
4,506,1386.6397531195323,387.4250139896016
4,507,1385.7531878207546,387.88761746019287
4,508,1384.8333872864198,387.49523120019194
4,509,1383.833558372503,387.47673409512777
4,510,1382.846886197115,387.63945477087424
4,511,1381.849956158596,387.56115727220345
4,512,1380.904550539645,387.8870532919033
4,513,1379.9122612229246,387.7631101116862
4,514,1378.9152110864588,387.83986312709067
4,515,1377.9344270677877,388.03495979215495
4,516,1376.9749119273415,388.3166168447107
4,517,1375.9825960613523,388.4403472860178
4,518,1375.0028416079658,388.2401443612908
4,519,1374.0227425717057,388.04163522013596
4,520,1373.0235203963566,388.0810692700221
4,521,1372.03071482227,388.20080686671884
4,522,1371.0312346376857,388.16856775036433
4,523,1370.048711810651,388.35470988518546
4,524,1369.0487776784885,388.34323245793104
4,525,1368.0828728981153,388.08433488117106
4,526,1367.1085392821674,388.3094437544607
4,527,1366.1457481513446,388.57969037961794
4,528,1365.174046763275,388.8159030220055
4,529,1364.2637404044133,389.22983820173283
4,530,1363.2766825539738,389.3902027859955
4,531,1362.295237352317,389.58194562456964
4,532,1361.2977176614595,389.5115576543491
4,533,1360.2987579863257,389.55715992903356
4,534,1359.3118302199168,389.71832315030684
4,535,1358.4046730263703,390.1391150539799
4,536,1357.4111741115662,390.2529566381348
4,537,1356.4757734638397,390.6065462706649
4,538,1355.677136226491,391.20835900160387
4,539,1354.722465855706,391.5060240535424
4,540,1353.8083809070888,391.911546810871
4,541,1352.8301450670247,392.1190429342425
4,542,1351.87276831281,392.40788501997343
4,543,1350.9375652464792,392.7619969016228
4,544,1349.977356617095,393.0412806069405
4,545,1349.0910558260703,393.5043906455154
4,546,1348.0920934825028,393.54993442812577
4,547,1347.2901990964867,394.147400237755
4,548,1346.325537135864,394.41089084807624
4,549,1345.46441792039,394.9192939329818
4,550,1344.470764390577,395.0317779882535
4,551,1343.5165152186116,395.3307905595673
4,552,1342.5778997624052,395.67575581197724
4,553,1341.5821163322073,395.767491084055
4,554,1340.632262994349,396.08018684123675
4,555,1339.6456184715867,396.24307510264003
4,556,1338.7713075514562,396.72844137149326
4,557,1337.935019600696,397.27673186330685
4,558,1337.002691356846,397.638344979385
4,559,1336.0933064845485,398.05430069101374
4,560,1335.102044874017,398.18621134064676
4,561,1334.205793033831,398.62975687265345
4,562,1333.3166857031986,399.0874556323368
4,563,1332.350888916286,399.3467557796362
4,564,1331.3625028636236,399.4987196269895
4,565,1330.3709021816135,399.628056734723
4,566,1329.438641724896,399.9898445742656
4,567,1328.457757649673,400.1844375622538
4,568,1327.5526310239597,400.6095796460619
4,569,1326.760242093975,401.21959586194276
4,570,1325.893288376134,401.7179845166308
4,571,1324.933702324929,401.999399886383
4,572,1324.001121474404,402.36036104389694
4,573,1323.095168881255,402.78374018717943
4,574,1322.127029162065,403.0341508181972
4,575,1321.1573969192216,403.27871842365374
4,576,1320.1632306268928,403.38657658605837
4,577,1319.2793625524018,403.8543128652755
4,578,1318.3272122488715,404.15994303310435
4,579,1317.3275901230552,404.18743131385116
4,580,1316.413862471489,404.59375849576656
4,581,1315.4820119789226,404.95660096778937
4,582,1314.4820718145552,404.9675402403729
4,583,1313.4822234577337,404.98495469876514
4,584,1312.4921506414958,405.1255100919271
4,585,1311.495405993673,405.20613333322063
4,586,1310.4982607406705,405.13062608579264
4,587,1309.5037647004428,405.0258519192662
4,588,1308.5496226262935,405.325206061275
4,589,1307.6317182211299,405.72200765273016
4,590,1306.7745906052326,406.23711176848366
4,591,1305.7815414607298,406.35481222133944
4,592,1304.793273160861,406.50753997740907
4,593,1303.8330381460125,406.78673295056365
4,594,1302.8331022963757,406.77540614117356
4,595,1301.8547050222096,406.9821397231201
4,596,1300.8550707628863,407.00918316201273
4,597,1299.9360434493944,407.40337701921516
4,598,1298.9503074250692,407.2350782065405
4,599,1297.9532800726256,407.31212662300294
4,600,1296.960874923798,407.4351389011715
4,601,1295.961522811622,407.3991478482655
4,602,1295.0790477318922,407.86950700216386
4,603,1294.1409728006774,408.2159394247611
4,604,1293.3424290850583,408.8178762439084
4,605,1292.4276834475356,409.2219064638589
4,606,1291.6122322292533,409.80073226718997
4,607,1290.6245836011506,409.9574172613879
4,608,1289.6553508714683,410.2035633881349
4,609,1288.67656186184,410.4084342612011
4,610,1287.712377021949,410.67366547076057
4,611,1286.7838015136597,411.04480900823006
4,612,1285.7842752912727,411.0755877470077
4,613,1284.7847414687565,411.0450568176729
4,614,1283.8908804216196,411.4934009136654
4,615,1282.9008055876784,411.35285973394804
4,616,1281.9143172034517,411.18902851657555
4,617,1280.9180722556312,411.1024490505215
4,618,1280.3964967255993,410.2492439365707
4,619,1279.4439376253756,410.55359761336956
4,620,1278.461389209288,410.3675905972554
4,621,1277.5116170181795,410.05464845404487
4,622,1277.233060041989,411.0150681597025
4,623,1277.4103200179866,410.0309040977142
4,624,1276.4180333700324,409.9069395532185
4,625,1275.4767015209961,409.5694571833235
4,626,1274.51699282145,409.8504540018384
4,627,1273.6604284923676,410.36649426203496
4,628,1272.6898403426947,410.1257482470843
4,629,1271.8803484936755,409.53861713193936
4,630,1271.200332568322,408.8054197906556
4,631,1270.5471477336375,408.0482212884528
4,632,1269.5487964997612,408.10562175724465
4,633,1268.5700751517882,408.31081562416495
4,634,1267.751778906183,407.7360189171209
4,635,1266.7580270331812,407.6244070230183
4,636,1265.8367475540642,407.2355058513073
4,637,1265.0750670013051,406.5875531249851
4,638,1264.0757139326042,406.5515886414209
4,639,1263.0806231289157,406.45262252391336
4,640,1262.2909412588353,407.06613906327175
4,641,1261.3868566883782,407.4934926516052
4,642,1260.4220595438455,407.23049746172217
4,643,1259.439798244169,407.4180147653438
4,644,1258.4556924706383,407.24043147079266
4,645,1257.4658516480185,407.0982514937366
4,646,1256.4673742050245,407.0430899506826
4,647,1255.5541221614642,406.6356949274766
4,648,1254.9514376651741,405.8377153550992
4,649,1254.6042966138282,404.89990242574146
4,650,1254.5038776250715,403.90495718770217
4,651,1255.4808189821233,404.1184649975872
4,652,1254.5673039439857,404.52526995711503
4,653,1253.7448573160566,403.9564276729906
5,0,269.1203945851501,0
5,1,268.87410868689375,-0.969197222612643
5,2,268.3176233734912,-1.8000546688495285
5,3,268.48871105890464,-2.78531047517592
5,4,268.6359549558373,-3.7744106899247063
5,5,268.98834166384563,-4.710265170075895
5,6,269.5650816843837,-5.527192920069592
5,7,270.32124163190605,-6.181579758081355
5,8,271.0954224206225,-6.814544296094595
5,9,271.86262520811545,-7.455948913214815
5,10,272.55011138746295,-8.18214637479546
5,11,273.33664248213654,-8.799697050539194
5,12,274.2339897515436,-9.24102218928342
5,13,275.0812345424282,-9.77222484770952
5,14,275.80093280557577,-10.466511827295351
5,15,276.34318701759605,-11.306726305596122
5,16,276.6870411310987,-12.245749387648585
5,17,277.1113899902901,-13.151248170476554
5,18,277.667095882403,-13.982627122261484
5,19,278.16925979230365,-14.847399582272377
5,20,278.94874678006477,-15.473818001470846
5,21,279.4304007001083,-16.35017951437902
5,22,280.05204942219797,-17.13347566930656
5,23,280.70763044641717,-17.888600507120604
5,24,281.3075569931689,-18.688655591788283
5,25,282.11397227430615,-19.280005229776037
5,26,282.92138927248305,-19.869986408336032
5,27,283.72723377926496,-20.462113616703803
5,28,284.48262233078,-21.11739076130759
5,29,285.24748212981626,-21.76158753855672
5,30,286.18591123803327,-22.107059402607998
5,31,287.108099261314,-22.4938012412001
5,32,288.0197616403388,-22.904741269270932
5,33,288.8792290778199,-23.41593176596439
5,34,289.659210936765,-24.04173389101395
5,35,290.4570620343844,-24.644588455587794
5,36,291.31775611529025,-25.153710935049926
5,37,292.06142555498946,-25.822258438565946
5,38,292.8799501361971,-26.396729943480526
5,39,293.58148908103533,-27.109361060451505
5,40,294.36502223463987,-27.730711040094647
5,41,295.1216574153696,-28.38454833123219
5,42,295.9819781292351,-28.894301476680052
5,43,296.8540528010797,-29.383674306664595
5,44,297.61227506518566,-30.035670470927926
5,45,298.39155379313337,-30.662347951110664
5,46,299.2743196987166,-31.132161058569082
5,47,300.2433952935365,-31.37892509874622
5,48,301.1077568709732,-31.8817959205793
5,49,301.98082482075205,-32.36939447991783
5,50,302.81729247662844,-32.91741077590971
5,51,303.6887594051294,-33.40786504750809
5,52,304.4789677892066,-34.02070328859142
5,53,305.13624162115354,-34.774355137814766
5,54,306.0377804401569,-35.20705336733507
5,55,306.9923780827145,-35.50495157280723
5,56,307.9187878963666,-35.88146831502329
5,57,308.88397623041834,-36.143024197791064
5,58,309.84597359978045,-36.41608291188086
5,59,310.66445472243623,-36.990616332889694
5,60,311.4021843715137,-37.665712596301084
5,61,312.1953296937698,-38.27474502383126
5,62,312.99306722734764,-38.877749855918964
5,63,313.76035937051773,-39.51904757697327
5,64,314.46737554830287,-40.22624494995346
5,65,315.40531177440397,-40.57305272923066
5,66,316.2542376905623,-41.101564591798336
5,67,317.180237097776,-41.47908955499934
5,68,317.97733123364037,-42.082944619208185
5,69,318.8520503095035,-42.567574930188755
5,70,319.7705865117766,-42.962911805668014
5,71,320.7027710394548,-43.32489523948433
5,72,321.6417416099058,-43.66889272178153
5,73,322.50368702947014,-44.17589380037213
5,74,323.4334542405767,-44.544041777619356
5,75,324.4236679602628,-44.68360104583703
5,76,325.37972211672235,-44.97679117172185
5,77,326.376538589872,-45.05652145992839
5,78,327.3731539847713,-45.138727023302515
5,79,328.37255109857045,-45.17344602285535
5,80,329.3713474049111,-45.222496389217945
5,81,330.3452569949781,-45.44943274676237
5,82,331.3445035315706,-45.488244589129955
5,83,332.31067006415395,-45.74616362936504
5,84,333.2324916388745,-46.13377810842872
5,85,334.12906686571466,-46.57666958793184
5,86,335.07495865732653,-46.90115181943509
5,87,336.0458923548486,-47.14050042506321
5,88,336.9327835937488,-47.602478704165186
5,89,337.92281788500014,-47.74330520077182
5,90,338.9227992201486,-47.74941497611558
5,91,339.8911215264224,-47.99911862281022
5,92,340.8590312693509,-48.25041671182823
5,93,341.8585703048864,-48.28077649510646
5,94,342.8536183302983,-48.18138118775261
5,95,343.8422659464068,-48.03112843016432
5,96,344.84097762287615,-47.98038409763467
5,97,345.78019368604686,-47.63705745042814
5,98,346.7771394244156,-47.55896010893434
5,99,347.7429862481319,-47.29984640200791
5,100,348.7422055192952,-47.33935397262231
5,101,349.73229888599883,-47.479764532088375
5,102,350.7320272674117,-47.456458665924984
5,103,351.7291305328819,-47.53251836608643
5,104,352.72753569211886,-47.476063623069436
5,105,353.72708552418305,-47.44606140281019
5,106,354.725849689164,-47.39636087213043
5,107,355.68474502308356,-47.11260087039076
5,108,356.6230030494946,-46.766664639453325
5,109,357.53839751036963,-46.36410659270803
5,110,358.4567468591759,-45.96833585914233
5,111,359.36063413268437,-45.540565129908266
5,112,360.31592204169266,-45.24488792263217
5,113,361.27981857135904,-44.978610848708925
5,114,362.2210230300797,-44.640773362801326
5,115,363.06275346896876,-44.10087534627634
5,116,363.92413067268234,-43.592909488247884
5,117,364.8707839751492,-43.2706556675901
5,118,365.84345718366586,-43.038477224504035
5,119,366.79641710849035,-42.735380900411336
5,120,367.7509138907831,-42.437159686221705
5,121,368.7147634582591,-42.17071267220888
5,122,369.6839807970983,-41.92450594993372
5,123,370.6119618276637,-41.55187851279218
5,124,371.55137414678467,-41.2090892266646
5,125,372.4701997139252,-40.81442534794126
5,126,373.422996190628,-40.51081560833675
5,127,374.3449245207504,-40.12345511200579
5,128,375.26778084938644,-39.73831072778555
5,129,376.18750994440694,-39.34575704766933
5,130,377.12218881078394,-38.99026384555675
5,131,377.99153009892,-38.49605161913783
5,132,378.8267122998749,-37.94607826413949
5,133,379.61971071046275,-37.33685456072249
5,134,380.4397930950512,-36.764609086745
5,135,381.29581679853186,-36.24767251512405
5,136,382.0551196552992,-35.596935109018546
5,137,382.8822668605357,-35.034949788152005
5,138,383.73371072942774,-34.51050404441284
5,139,384.5697227922053,-33.96179298120162
5,140,385.4546273569026,-33.49602059969117
5,141,386.32364655280406,-33.001242227937894
5,142,387.2248907507054,-32.567930682108354
5,143,388.0043520690736,-31.94148032240877
5,144,388.78230271877493,-31.3131549396418
5,145,389.459696116718,-30.57753398804846
5,146,390.1707102088032,-29.874356228974502
5,147,391.01209405468296,-29.33391823633096
5,148,391.7917640222307,-28.707727577103185
5,149,392.6406350172481,-28.1791275072789
5,150,393.33468689920636,-27.459202521499023
5,151,393.9583423592743,-26.677503175760876
5,152,394.7363228200768,-26.049214704905705
5,153,395.33819116069617,-25.250619375242383
5,154,395.96190802819086,-24.46896902553185
5,155,396.6514949810076,-23.744766129580103
5,156,397.2507586144428,-22.944214383818437
5,157,397.89535458103995,-22.179690976821174
5,158,398.44333559620543,-21.343200207584456
5,159,398.98995902759054,-20.505821664594052
5,160,399.5779798793852,-19.696975895701936
5,161,400.14055957478166,-18.870232836264684
5,162,400.5705677960106,-17.967407864481377
5,163,401.0116994045721,-17.06996544074157
5,164,401.5958607678351,-16.258327897455974
5,165,402.20475005386106,-15.46507268167555
5,166,402.822275889198,-14.67852208400786
5,167,403.5504721838195,-13.993153455823379
5,168,404.05901225564685,-13.132115131852906
5,169,404.5914413729503,-12.28564053976675
5,170,405.2968931839426,-11.576882652778723
5,171,405.7298368608509,-10.675461678635616
5,172,406.32542156280374,-9.872169164790387
5,173,406.8528936502091,-9.022596803535492
5,174,407.2676317146235,-8.112655960444144
5,175,407.8998397377629,-7.337857266925488
5,176,408.46776176608836,-6.514774907897755
5,177,409.095294096831,-5.736184403285287
5,178,409.7241686734952,-4.958677640082916
5,179,410.4040851485318,-4.225388074512934
5,180,411.06554524060925,-3.475407710377387
5,181,411.74792363010414,-2.744408576622499
5,182,412.396230686496,-1.983029590418803
5,183,412.93668163573216,-1.1416540669634956
5,184,413.5843773223761,-0.37975492829564594
5,185,414.1637040736331,0.43534047426652966
5,186,414.7578215894776,1.2397187294218577
5,187,415.34911536455786,2.04617497222199
5,188,415.8297165150512,2.9231142712298954
5,189,416.40979047001963,3.7376780850390174
5,190,416.88549216418767,4.617284757458954
5,191,417.30737567790084,5.523934800671337
5,192,417.82934450455093,6.376899362658241
5,193,418.3129683346241,7.252175313993243
5,194,418.61991729259324,8.203901291994073
5,195,419.1787116756245,9.033207530661471
5,196,419.61387442796087,9.933559339111406
5,197,420.14869310264226,10.778526193616383
5,198,420.6865267682174,11.621577169639782
5,199,421.29107836435435,12.418143154105765
5,200,421.9736593833292,13.14895308324958
5,201,422.506609932211,13.995099472739385
5,202,422.9031699810615,14.913108256823532
5,203,423.36726158426575,15.79889546819844
5,204,423.8581165507013,16.670136767681857
5,205,424.3047073594521,17.564875081122906
5,206,424.6708614283671,18.49542932339844
5,207,425.15062434398675,19.372827491162738
5,208,425.52210862323335,20.30126673541766
5,209,425.9485326086778,21.205790137346913
5,210,426.3703558287249,22.11246823404336
5,211,426.8046108255382,23.01325821941325
5,212,427.3698159175191,23.83820864458973
5,213,427.9313002196622,24.665696033283265
5,214,428.4717577760329,25.507067312661036
5,215,429.1399953784404,26.251015232026816
5,216,429.6885275499467,27.087144681826686
5,217,430.3095369324313,27.870947811997834
5,218,430.95593202595495,28.63395068425229
5,219,431.34818323602275,29.55380881907546
5,220,431.84394257114565,30.422268767281775
5,221,432.22968140744365,31.344876782731156
5,222,432.57269107214864,32.28420865694759
5,223,433.0802576312935,33.14582120794592
5,224,433.6580843701138,33.96198066534644
5,225,434.09241009706295,34.862736549540415
5,226,434.65390737339345,35.69021513456447
5,227,435.1205330269002,36.57467005115964
5,228,435.5727894161736,37.46655802526928
5,229,436.10529477732285,38.31298465549028
5,230,436.51642592634784,39.22456086091766
5,231,436.89665355488864,40.14945380093517
5,232,437.331598820007,41.04991069404617
5,233,437.81180449115084,41.92706661713015
5,234,438.2338830866233,42.83362585912376
5,235,438.7061267444528,43.71509391165873
5,236,439.1518067071177,44.61028627695179
5,237,439.6770418186729,45.461243430743714
5,238,440.15522327856587,46.33950449182668
5,239,440.63685187285506,47.21587992345575
5,240,441.28660805454246,47.9760226102975
5,241,441.87586742094754,48.7839665434413
5,242,442.58507276691734,49.488968513117904
5,243,443.1577323181044,50.308761803182044
5,244,443.7180138459017,51.137064048506275
5,245,444.2449634037625,51.98696060895956
5,246,444.7838781829924,52.82932090047831
5,247,445.4355492912984,53.587822559408075
5,248,446.0839546948685,54.34911779295486
5,249,446.8170149154322,55.029281532819866
5,250,447.68410484507694,55.52743317028449
5,251,448.5394956490842,56.045416348022734
5,252,449.42246805823675,56.51484123517219
5,253,450.1640247066532,57.18573149235989
5,254,450.91641431743875,57.844449849157385
5,255,451.5794097873357,58.59307325708429
5,256,452.3760082532734,59.197582052773505
5,257,453.0171065252452,59.96504085015277
5,258,453.79233239727387,60.5967249858863
5,259,454.386417131734,61.40112745249205
5,260,455.0163619307277,62.17776736275983
5,261,455.66861960148515,62.93576467867733
5,262,456.31080796525725,63.70231154967462
5,263,456.9772726753903,64.44784812835287
5,264,457.65245746841936,65.1854967542326
5,265,458.3043110659323,65.94384158833473
5,266,458.9925263344344,66.66934813151722
5,267,459.71297587564607,67.36285549165686
5,268,460.4423329543722,68.04698870362078
5,269,461.0604989970546,68.83303624904943
5,270,461.81102451914063,69.49387771316732
5,271,462.38490080958536,70.31281971554928
5,272,462.86407867580164,71.19053753610918
5,273,463.4849974936817,71.97441241235053
5,274,464.0602382737096,72.79239654727789
5,275,464.65304021439886,73.59774483163386
5,276,465.38704537154325,74.27688872602255
5,277,466.19788872222773,74.86215196649711
5,278,467.06232176300375,75.36489993319086
5,279,467.8838720719312,75.93503596073276
5,280,468.64961600624656,76.57818153294734
5,281,469.3951620349846,77.24463567167929
5,282,470.17175680093743,77.87463612365904
5,283,470.83169772969603,78.62595361350553
5,284,471.63322396196315,79.22391322667994
5,285,472.53900884210304,79.64765105943732
5,286,473.39443987509367,80.16556779772311
5,287,474.22450465785823,80.72323477398582
5,288,475.0825600693114,81.23679188948121
5,289,475.7664811617771,81.96634787724396
5,290,476.6040387240583,82.51269696881971
5,291,477.432644507478,83.07252949349419
5,292,478.21704241222943,83.69278744549605
5,293,479.0576921884488,84.23436657521059
5,294,479.73443473589685,84.97058632805178
5,295,480.41406675433035,85.70413954324478
5,296,481.2647234968681,86.22986105352858
5,297,482.0415603110953,86.85956301800177
5,298,482.76283861293734,87.55220838995763
5,299,483.63225497032664,88.04628854287208
5,300,484.41599010092904,88.66738374093727
5,301,485.1632551905847,89.33190980196265
5,302,485.89133206608795,90.01740528944414
5,303,486.5712889435441,90.7506573912482
5,304,487.2510220723548,91.48411691541928
5,305,487.9821405871672,92.16636739530078
5,306,488.65055574556453,92.91015578995658
5,307,489.4263893965347,93.54109330352054
5,308,490.2873330580884,94.04979361965037
5,309,491.02326577342444,94.72684829875547
5,310,491.74850524669483,95.41534499911828
5,311,492.3889982023045,96.18330904372871
5,312,493.1712258366279,96.80630176286816
5,313,493.8714201601196,97.52025407874788
5,314,494.5283534272221,98.27420280550191
5,315,495.2037455536092,99.01166160137753
5,316,495.908563533403,99.7210497993054
5,317,496.6396199475608,100.40336682189741
5,318,497.28938509482657,101.16350184503386
5,319,498.0196877744354,101.8466255499045
5,320,498.82353150024835,102.44146608691518
5,321,499.67764662274976,102.96155007774207
5,322,500.38867563790376,103.66471274712175
5,323,501.1625587822102,104.29804116031538
5,324,501.8991637954629,104.97436434818563
5,325,502.71964728608174,105.54603456922395
5,326,503.62458176409393,105.97158549508922
5,327,504.4296460281335,106.56477309675196
5,328,505.28186090774693,107.08796502995189
5,329,506.1085904872813,107.65056453432686
5,330,506.94975191347373,108.19134864567434
5,331,507.6118606071929,108.94075646368897
5,332,508.30684759209686,109.65977877962506
5,333,509.1849021988819,110.13833923296771
5,334,509.9173946714456,110.8191143629758
5,335,510.69962008570957,111.44210986960454
5,336,511.3880454715537,112.16741703772391
5,337,512.154664830857,112.80951886605135
5,338,512.9990963947885,113.34518231807725
5,339,513.7434431869985,114.01297558917732
5,340,514.5751671137398,114.56816502503334
5,341,515.3987579959528,115.1353493502184
5,342,516.2222109976038,115.70273383544148
5,343,517.1659918439565,116.03330563408439
5,344,518.0162540637548,116.55966497672364
5,345,518.8642592289917,117.08965293859767
5,346,519.6460171371498,117.71323498855772
5,347,520.5379388129417,118.16542490911387
5,348,521.4693375263798,118.52942550884664
5,349,522.3484767104198,119.00599060942093
5,350,523.222543697629,119.49179602506709
5,351,524.0229063219198,120.0913122213774
5,352,524.8784664776349,120.60901563063085
5,353,525.7707736175638,121.06044443789943
5,354,526.6139803057486,121.59803394765628
5,355,527.4532916277649,122.14168503496799
5,356,528.363523842111,122.55578323101152
5,357,529.2153593944986,123.0795925395281
5,358,530.0432063445498,123.64054657266344
5,359,531.0116635454208,123.88972652787896
5,360,531.8986556998641,124.35151102085813
5,361,532.8692550613468,124.59221182993306
5,362,533.8534945776163,124.76905236435252
5,363,534.8490457953682,124.86327429827823
5,364,535.8293763175479,125.06063707917342
5,365,536.8191663578484,125.20317014944854
5,366,537.7951578334422,125.42097887188237
5,367,538.6017434197627,126.01209619690349
5,368,539.3663203784448,126.6566286431406
5,369,540.2048058546836,127.20155258841787
5,370,541.0726914029527,127.69831679315244
5,371,542.0080323627711,128.0520642862687
5,372,542.8490814026451,128.5930231687423
5,373,543.685730149068,129.1407629565146
5,374,544.4006912435567,129.83992719570847
5,375,545.2460559870931,130.3741167223614
5,376,546.0214897663158,131.0055456210035
5,377,546.8505055874334,131.56477077095352
5,378,547.7613937531521,131.97742407525837
5,379,548.7000174730354,132.3223668422105
5,380,549.4645178977603,132.96699006595858
5,381,550.3168460059769,133.4899975190066
5,382,551.1949629392218,133.9684435990915
5,383,551.9553268746254,134.6179408552347
5,384,552.6048849373387,135.37825284590966
5,385,553.4137509247648,135.96624588531174
5,386,554.2564758081992,136.50459035759735
5,387,555.1240504256723,137.00189738863193
5,388,555.9778177764534,137.52255208297368
5,389,556.8278693933345,138.0492514741238
5,390,557.7584343266361,138.41537837140018
5,391,558.594855063791,138.96346627535115
5,392,559.4998711861278,139.38884354121083
5,393,560.4703721691225,139.62994070421033
5,394,561.3870911121041,140.02947340572362
5,395,562.3621915374854,140.25123715483812
5,396,563.209683770249,140.7820449500007
5,397,564.1504618201607,141.12106804774527
5,398,565.0293722743155,141.59805485424766
5,399,565.9509334733334,141.98628797553533
5,400,566.8930249920724,142.32164386160287
5,401,567.7809081388428,142.78171289738012
5,402,568.6130707434545,143.33624459123175
5,403,569.5832917469115,143.57846598675854
5,404,570.394405007745,144.16335510283105
5,405,571.375195257647,144.35842043982694
5,406,572.3187512013463,144.6896336356836
5,407,573.2454359287515,145.06547325040512
5,408,574.1148089509915,145.55962965095182
5,409,574.9000113091168,146.1788689074547
5,410,575.6355891696427,146.85630909751157
5,411,576.4452580439978,147.4431960661014
5,412,577.2187806030681,148.07696483356253
5,413,578.0877296655146,148.57186636606505
5,414,578.9496907445664,149.07884082124
5,415,579.7275524554285,149.7072763062141
5,416,580.6562483455999,150.07811851467847
5,417,581.4014264456622,150.7449840177505
5,418,582.2399970927061,151.28977688656988
5,419,582.9768937701501,151.96578227617255
5,420,583.7407716392116,152.61114310637385
5,421,584.4890351408962,153.2745447434284
5,422,585.195588080631,153.9822049326098
5,423,586.038280772244,154.52059979467845
5,424,586.8703075934931,155.07533519892272
5,425,587.6330844687482,155.7219969641261
5,426,588.3723225477995,156.39544114331278
5,427,589.1832561552375,156.98057931872745
5,428,589.8960022320485,157.68200146693098
5,429,590.5983426708403,158.39384267677892
5,430,591.3285041945345,159.07711725505374
5,431,591.9417927720147,159.86697617962977
5,432,592.6584090195166,160.56444385186717
5,433,593.500458869764,161.10384356423128
5,434,594.2865812364372,161.72191445386778
5,435,594.9725753014426,162.44952158878152
5,436,595.6064299244277,163.22297379604478
5,437,596.4632686678282,163.7385582874795
5,438,597.2554913426223,164.3487904019589
5,439,598.0859077171519,164.90593369134965
5,440,598.8620764962795,165.5364588901383
5,441,599.5727958466794,166.23993455067486
5,442,600.3942494756484,166.8102098661616
5,443,601.33334466134,167.15386700956316
5,444,602.293290730959,167.43405184752348
5,445,603.2789192890631,167.60297888931905
5,446,604.2487794220945,167.84664120145703
5,447,605.1613262363801,168.25561346425377
5,448,606.085801345036,168.6368558720151
5,449,607.0653430945856,168.83809692371506
5,450,607.9098761366796,169.37360036983975
5,451,608.7689953284408,169.8853759205917
5,452,609.6611280823306,170.33714925915555
5,453,610.6461848355514,170.50937931731679
5,454,611.4977549382679,171.03362006369136
5,455,612.3061950013957,171.62219857530206
5,456,613.2744975333202,171.871978892118
5,457,614.2581464716912,172.05207543856326
5,458,615.1054130050815,172.58324341707566
5,459,615.9832397316275,173.0622217445202
5,460,616.9549392339261,173.29844214421647
5,461,617.9105838221764,173.59296450490928
5,462,618.7610290282907,174.11902814307206
5,463,619.596059172214,174.66923234038384
5,464,620.5623854981524,174.9265520477489
5,465,621.3635408020968,175.52500854488272
5,466,622.284050450142,175.91572837782672
5,467,623.186185331486,176.3471824957379
5,468,624.0756933912558,176.80410197617678
5,469,624.9029415776561,177.36593864114042
5,470,625.7433064616994,177.9079597308287
5,471,626.5993804036995,178.424813100585
5,472,627.4789717269555,178.9005431753677
5,473,628.2496344537175,179.5377864268657
5,474,629.1336873477331,180.0051732908044
5,475,629.891251826207,180.65793363040436
5,476,630.6842063019204,181.26721451755427
5,477,631.4737806695052,181.88086940269167
5,478,632.1212448322227,182.6429653008545
5,479,632.9810489452562,183.15358931831813
5,480,633.7512896622105,183.79134259188535
5,481,634.5438133642476,184.401183703741
5,482,635.3213087162253,185.0300723883689
5,483,636.062966074717,185.7008513106638
5,484,636.889379625457,186.26391493331525
5,485,637.749330998018,186.7742909092688
5,486,638.3845875036855,187.54659212771094
5,487,639.1175612725682,188.22684903074813
5,488,639.7308915299107,189.01667559109433
5,489,640.4362321233563,189.72554415947485
5,490,641.0919041460944,190.48058998497055
5,491,641.8300745611738,191.15520427350992
5,492,642.5885567236086,191.80689807374753
5,493,643.2913309734151,192.5183110015249
5,494,643.8807427448453,193.32614375878322
5,495,644.6515972830371,193.9631549682209
5,496,645.4209723911382,194.60195223107849
5,497,646.1420070125098,195.2948512675791
5,498,646.9683499004535,195.85801858867003
5,499,647.6880170205935,196.55233784966555
5,500,648.4426327131604,197.2085048684434
5,501,649.0764176491143,197.98201417993093
5,502,649.921250286917,198.51704484643835
5,503,650.509621812358,199.32563556370533
5,504,651.2085232431002,200.04085356551073
5,505,651.9152927067618,200.74829750338537
5,506,652.5747688795456,201.50002297024838
5,507,653.1822738316105,202.29433886031768
5,508,653.9726481012907,202.90696314471015
5,509,654.6999672817499,203.5932625033986
5,510,655.4501882540089,204.25444968777427
5,511,656.2203804667851,204.89226153728714
5,512,657.0669127098473,205.42459898802306
5,513,657.9402375149787,205.91173735105997
5,514,658.5444669094983,206.70854776690456
5,515,659.1833813641904,207.47782555781336
5,516,660.0069044390841,208.04510833132017
5,517,660.7457421795074,208.71899169906735
5,518,661.5114511768404,209.36217886576398
5,519,662.3932502652488,209.8338041064819
5,520,663.283457500142,210.28935989773436
5,521,663.9613763065873,211.0244966821954
5,522,664.8333963210777,211.51396690021517
5,523,665.6597724825764,212.07708539547752
5,524,666.368343716962,212.7827246842088
5,525,667.2436546212217,213.26628525009917
5,526,668.1238462168488,213.74090378638627
5,527,668.9503410128746,214.3038481461079
5,528,669.9115721994555,214.57959187848334
5,529,670.846398076351,214.9346983130725
5,530,671.7168180722304,215.42700820610057
5,531,672.6232896233329,215.84927509687208
5,532,673.5783259830298,216.14576380096858
5,533,674.402203890085,216.71253112030365
5,534,675.3214726995972,217.10616147464418
5,535,676.2919387515918,217.3473992037121
5,536,677.139530339675,217.8780483343158
5,537,678.0975725312122,218.16467554732034
5,538,678.9509193134568,218.68601926238054
5,539,679.9041719749337,218.98819365472252
5,540,680.7827961616682,219.46570756916375
5,541,681.7584015599533,219.68523913144367
5,542,682.7255794552716,219.93933934554764
5,543,683.6969936020587,220.17673048991068
5,544,684.6425452844762,220.50220247930062
5,545,685.5357842696975,220.95178463562013
5,546,686.4621254213326,221.3284702748303
5,547,687.4066630664435,221.6568734370691
5,548,688.294877089024,222.1163033556544
5,549,689.2313330148365,222.46708861619217
5,550,690.039692282911,223.0557780875759
5,551,691.0022243355121,223.32694602025884
5,552,691.9216454552164,223.7202204850308
5,553,692.8668905498131,224.04658180495224
5,554,693.7612632693143,224.49390432686667
5,555,694.7444423067553,224.67654873640788
5,556,695.73977098198,224.77309317320018
5,557,696.6664790322053,225.14887527714808
5,558,697.637206461456,225.38905907781003
5,559,698.6369106548301,225.4133803802042
5,560,699.5594667701508,225.7992433274851
5,561,700.5573322081977,225.73393967099105
5,562,701.4359303260167,226.21150154903947
5,563,702.4204686637072,226.03633231196414
5,564,703.4140206608341,226.1497096862731
5,565,704.4085314386031,226.25434387237618
5,566,705.3705072301843,226.52747859446694
5,567,706.2499562637269,227.0034716589135
5,568,707.2438871092244,226.8934649574423
5,569,708.2122131861394,227.14315398156302
5,570,709.0323374967259,227.71533936689275
5,571,709.9916112986723,227.99781728266538
5,572,710.9530440202659,228.2728575012682
5,573,711.9520374484729,228.3177142777826
5,574,712.951825278677,228.2971158658107
5,575,713.9352992123308,228.11606608861285
5,576,714.932995057888,228.18391149934976
5,577,715.8535744636199,228.5744669470678
5,578,716.7430068244695,229.03153376436418
5,579,717.548501274794,229.62413708066975
5,580,718.4815307004216,229.98393715142188
5,581,719.2146325794082,230.6640559903216
5,582,720.1876144521316,230.8949375083166
5,583,720.8435347276805,231.64976768267624
5,584,721.6110457649751,232.29080341306195
5,585,722.4752249058812,232.79398768589124
5,586,723.2365067087951,233.44240885808728
5,587,724.1363581990472,233.87860525363757
5,588,725.0327179195793,234.32193273012365
5,589,725.94058796297,234.7411844257839
5,590,726.6497056440118,235.4462745721013
5,591,727.4720528636498,236.01526055642213
5,592,728.2526785731227,236.64025935778895
5,593,729.0619502336929,237.22769393235697
5,594,729.9141259402444,237.75094966826757
5,595,730.5303778114308,238.53849879769334
5,596,731.3575110152489,239.100504725724
5,597,732.0044419509024,239.86305332384373
5,598,732.7374821982529,240.5432385896091
5,599,733.478488511029,241.2147366494916
5,600,734.1140020890608,241.98682634126138
5,601,734.983717933858,242.48037912395918
5,602,735.7596369384484,243.11121166775786
5,603,736.6830751729817,243.4949587550457
5,604,737.291628605084,244.28847165366577
5,605,738.1771711764295,244.75302988934226
5,606,739.0040331516027,245.315434791537
5,607,739.9183635277349,245.72040388082894
5,608,740.8174461494881,246.15818286531933
5,609,741.6425506140079,246.72316306198954
5,610,742.416429800612,247.35649631118844
5,611,743.2252922803168,247.94449417591744
5,612,744.026872485818,248.5423814346449
5,613,744.882532341202,249.05992004372075
5,614,745.7271884950268,249.59522928313845
5,615,746.4681065903194,250.26682467924232
5,616,747.419473811941,250.57488378010464
5,617,748.3193675810634,251.0109929456753
5,618,749.2100276741783,251.4656627143345
5,619,750.0084834738611,252.06771614713995
5,620,750.7945329620658,252.6858797194194
5,621,751.737762490176,253.01802134177487
5,622,752.415306499603,253.75350357493184
5,623,753.3344875848968,254.1473387338983
5,624,754.303499680729,254.3943520091102
5,625,755.2725430552847,254.64124254807382
5,626,756.2602577291996,254.7975106604107
5,627,757.14034001939,255.27233185043195
5,628,758.0630452920859,255.65783798493462
5,629,758.8520535547581,256.2722205704912
5,630,759.7397520397362,256.7326458084696
5,631,760.6896132742438,257.04531757754995
5,632,761.6362074478418,257.3677450430525
5,633,762.6333061491642,257.4438645531736
5,634,763.5543035576044,257.83343325526164
5,635,764.5542185623618,257.8464710181406
5,636,765.4252399303979,258.33771614679296
5,637,766.424398384907,258.37873300653126
5,638,767.4097626905002,258.5491946892135
5,639,768.2005400100064,259.1612986272457
5,640,769.0815123226271,259.6344664456735
5,641,770.0770432039005,259.5400298826749
5,642,771.0389096219925,259.81354952318884
5,643,772.0170313848671,260.02158273445815
5,644,772.8931441274005,260.50368901150773
5,645,773.8289008894276,260.85633512636036
5,646,774.7719225618664,261.1890664373467
5,647,775.657213676591,261.654103685521
5,648,776.5942983139097,262.0032059377358
5,649,777.5790654969677,261.82932783338657
5,650,778.3988956943003,262.4019345461848
5,651,779.3656167171889,262.1461016634169
5,652,780.3142558720738,261.82974149870057
5,653,781.3141950198838,261.8407733016865
5,654,781.8947869956003,262.65496796989163
5,655,782.894494267603,262.63077354275003
5,656,783.6156238027426,263.3235737979098
5,657,784.5232037451705,262.9036944722667
5,658,785.4845585353877,263.1790069625869
5,659,786.0230240931056,262.33635944247453
5,660,786.8587880214482,261.78727050971287
5,661,787.165515718028,260.8354731992781
5,662,787.6959405758794,259.98774124271796
5,663,788.1512981348216,259.0974325920163
5,664,788.5022519286427,258.1610398140633
5,665,788.9735678013551,257.2790753317119
5,666,789.3348020978711,256.3466002473153
5,667,790.3202645178958,256.5164937984559
5,668,791.205574661744,256.05149277781237
5,669,791.9859984436723,255.42624185170297
5,670,792.5887410104617,254.62830614114725
5,671,793.1691558652885,253.81398519932128
5,672,794.1416436507413,253.5810313258935
5,673,794.8814670697888,252.9082302344638
5,674,794.3344006530263,252.07114103034596
5,675,793.7347233378496,251.2708991183828
5,676,794.029313079227,250.3152752989459
5,677,794.7656253924424,249.63863346059466
5,678,795.7651430332799,249.60757729124526
5,679,796.0055493835154,248.63690495375621
5,680,797.0055492562202,248.6364003844339
5,681,797.9782890224278,248.4045009509755
5,682,796.9832847555846,248.50433335535325
5,683,796.9247951748684,247.50604533631883
5,684,797.8368312382886,247.0959353278807
5,685,798.370388305113,246.25017126122754
5,686,799.2677260165575,245.8088266887906
5,687,799.1754851260474,246.80456341007684
5,688,800.0813426141144,246.38098081917764
5,689,800.7099120556247,245.60322735104043
5,690,800.4327696265713,244.6423985036288
5,691,800.4772455899848,243.6433880488895
5,692,801.1798108641943,242.9317687437306
5,693,800.7326060293314,242.0373371724658
5,694,801.1352699917644,241.12198929687003
5,695,801.2661973883604,240.1305973376427
5,696,802.2654445037774,240.16939427477456
5,697,803.1104330656083,239.63460989731485
5,698,803.288487257946,238.6505892143051
5,699,803.8239122244245,237.80600641476943
5,700,804.6342950932786,237.2201057355859
5,701,805.1259449117849,236.34931273150127
5,702,806.1258067856479,236.36593299609487
5,703,807.0897165429749,236.09970380962227
5,704,808.0330198185641,235.76777169267248
5,705,809.0329758400072,235.77715013495532
5,706,809.9794379820851,235.4543353062788
5,707,810.8751755598078,235.00975213986848
5,708,811.8402501447329,234.74777686330285
5,709,812.839876554866,234.77510889879736
5,710,813.8275808107496,234.93144284555677
5,711,814.8097437517573,234.74341104688637
5,712,815.8044079150005,234.64024514961537
5,713,816.7294053041909,234.2602716900277
5,714,817.7025598440448,234.0301190416361
5,715,818.685077313219,234.21628945488013
5,716,819.6849047453389,234.23486648317956
5,717,820.6668383902246,234.42409205502878
5,718,821.6661749901834,234.46051128048364
5,719,822.6430936026519,234.24689942544595
5,720,823.6226480404232,234.44807870728812
5,721,824.525024224546,234.01712949644303
5,722,825.5031815449472,234.22499545456373
5,723,826.499854805001,234.30649645267903
5,724,827.3388094710672,234.85069776495757
5,725,828.3325885665765,234.9620670126371
5,726,829.3314395807623,235.00999040421166
5,727,830.2518085656087,235.40104146447467
5,728,831.2178929095087,235.65926818747462
5,729,832.1398223694791,236.04662599472613
5,730,833.1396584524684,236.0285205493392
5,731,834.0602103087825,236.4191409275029
5,732,834.9914081774356,236.783655027938
5,733,835.9774032408983,236.9504295308671
5,734,836.8748379973757,237.39157673743915
5,735,837.8358677281813,237.66802177086882
5,736,838.7930615716662,237.95746942761272
5,737,839.7883215314187,237.86021917047458
5,738,840.7864847316787,237.92080155773897
5,739,841.5961840938415,238.5076464630701
5,740,842.5780090055778,238.69743540556726
5,741,843.5414815946476,238.96524236983635
5,742,844.4533099514236,239.37581398086064
5,743,845.3476459628606,239.8232098890303
5,744,846.2510421182693,240.2520168227344
5,745,847.1447198177294,240.70072627158478
5,746,847.9763483921093,241.25605852733344
5,747,848.9640951557133,241.41212367715846
5,748,849.9615990094342,241.48273572862266
5,749,850.8343973855177,241.97081665911057
5,750,851.7666172751393,242.3327090151972
5,751,852.6623709779188,242.77725969167477
5,752,853.3984916269196,243.45411003710913
5,753,854.3674183383837,243.70145802641062
5,754,855.3389357676507,243.93842613529958
5,755,856.2974882397825,244.2233421899016
5,756,857.2161656080817,244.61835091508988
5,757,858.1239713546522,245.03774181448273
5,758,859.1239688125264,245.0399966415494
5,759,859.9896634100913,245.5405691774988
5,760,860.9183540763471,245.91142446788763
5,761,861.8521402077395,246.2692560774742
5,762,862.8501526917006,246.20623955695987
5,763,863.7825889887847,245.84490515245344
5,764,864.766172837156,245.6644534602384
5,765,865.623817790615,246.178695751193
5,766,866.5580663127357,245.82207312303356
5,767,867.5579865488321,245.80944294310595
5,768,868.3914073670582,245.25680405581383
5,769,868.5688886569887,244.27267988086203
5,770,868.4804403747264,243.27659911035954
5,771,869.3337876892596,242.7552562665619
5,772,869.8204150723243,241.88164663403052
5,773,869.8487143762544,240.8820471395343
5,774,870.5701336863713,240.18954863484967
5,775,870.2389544585855,239.24598076814206
5,776,870.4765769759825,238.2746231927735
5,777,869.4782017916975,238.2176408147624
5,778,869.2309900113635,237.24867934201745
5,779,869.3832578607261,236.26034007736666
5,780,868.9774747737091,235.34637066524667
5,781,868.4177533085658,234.51768985730075
5,782,869.2721183085345,233.9980164532972
5,783,869.995204928659,233.30725908649106
5,784,870.9843758766943,233.1604911214482
5,785,870.7898879874435,234.14139604086432
5,786,870.3375449477076,233.24955201055272
6,0,1461.9545330188314,0
6,1,1462.7931428057254,-0.5447326181950215
6,2,1463.7422948902454,-0.8595505345394452
6,3,1464.3250366679542,-1.6722079165354993
6,4,1465.3024567209666,-1.883513477203348
6,5,1466.3000016927795,-1.953542251367224
6,6,1467.289402893249,-2.0987499113218218
6,7,1468.2891696943652,-2.077154926119777
6,8,1469.2620969123113,-1.8460432029643934
6,9,1470.213328269166,-1.537564831377669
6,10,1471.2092324606426,-1.447150001846502
6,11,1472.2090474310378,-1.4279139686390037
6,12,1473.2046768997602,-1.3345225289281206
6,13,1474.1895688835382,-1.5076923308276506
6,14,1475.1895463201429,-1.500974721009609
6,15,1476.1665043890619,-1.2875433934729956
6,16,1477.114329577297,-0.9687528469586562
6,17,1478.0109886640616,-0.5260311712724545
6,18,1478.9565485479332,-0.20058300948214303
6,19,1479.934461549876,0.008429336160783979
6,20,1480.8808431193274,0.3314802996364121
6,21,1481.8576715990714,0.5455039459030666
6,22,1482.8573803120528,0.5213691330995365
6,23,1483.8531295628225,0.42926359802477165
6,24,1484.8282245091546,0.20747575877831217
6,25,1485.825327175045,0.2835433187127248
6,26,1486.8021013550222,0.06927199228298989
6,27,1487.791371248424,-0.07682755600178962
6,28,1488.757662966524,-0.3342771928848882
6,29,1489.7467380794747,-0.18686477501707402
6,30,1490.7453986832745,-0.23860449301155445
6,31,1491.742916453434,-0.30901967756833437
6,32,1492.7319559169248,-0.16136826491758274
6,33,1493.7311479774396,-0.12117838803290798
6,34,1494.7287498780634,-0.19039144945757636
6,35,1495.718572445759,-0.048084441618490514
6,36,1496.6748904241886,-0.3404128941040886
6,37,1497.5786361257149,-0.7684826395575548
6,38,1498.4141312160277,-1.3179805504388737
6,39,1499.275945338979,-1.8252047784503243
6,40,1499.9975393984917,-2.517521189693168
6,41,1500.791035876457,-3.126096032630801
6,42,1501.5675019192288,-3.7562551271636995
6,43,1502.4183344684793,-4.2816920626143435
6,44,1503.2020581581849,-4.9028016972153665
6,45,1504.1680321481153,-5.161440926215687
6,46,1505.1005784974175,-5.522491208590832
6,47,1506.019226532099,-5.917568148408222
6,48,1506.9825195248986,-6.18602039746449
6,49,1507.8969133794026,-6.590846136326695
6,50,1508.7964586784158,-7.027673625185924
6,51,1509.6627823392973,-7.527156672542674
6,52,1510.615261124295,-7.831761603772237
6,53,1511.539298230499,-8.214064397847913
6,54,1512.53439535762,-8.312966913466319
6,55,1513.5041891215471,-8.556893245477086
6,56,1514.502487627118,-8.615203568533598
6,57,1515.482631286087,-8.813492266604289
6,58,1516.4809474939393,-8.755485808862423
6,59,1517.4747806647651,-8.644600153494759
6,60,1518.4717519476246,-8.56682958609488
6,61,1519.462533105475,-8.431357458891613
6,62,1520.4462626710476,-8.251701838834698
6,63,1521.4340557180199,-8.095929901845267
6,64,1522.4206671022675,-7.932841041180401
6,65,1523.3548157615096,-7.575956910913574
6,66,1524.2754657411415,-7.1855678549655915
6,67,1525.0944778438559,-6.611791613206365
6,68,1525.8870932751204,-6.00206972732619
6,69,1526.6984470192301,-5.417514253552237
6,70,1527.4888797420529,-4.804965389631059
6,71,1528.306937729712,-4.229829641457674
6,72,1529.052487554232,-3.563379748998977
6,73,1529.726110412686,-2.824304485870808
6,74,1530.5647408059237,-2.2796035922256555
6,75,1531.3217325547066,-1.626179157210562
6,76,1532.0865350892373,-0.9819143955050078
6,77,1532.9309161196757,-0.4461712896829333
6,78,1533.7312966833176,0.153320956592485
6,79,1534.4100770681273,0.8876622867636361
6,80,1535.0862023149311,1.6244489931002426
6,81,1535.844748409866,2.2760683772954193
6,82,1536.6174020815288,2.91089615210229
6,83,1537.3852006033248,3.5515875208031606
6,84,1538.141576721258,4.205724485223011
6,85,1538.9030648591013,4.85390333085425
6,86,1539.6527520579702,5.515695672795307
6,87,1540.5065969559273,6.03622318429963
6,88,1541.3005484915898,6.644204235829238
6,89,1542.0999788403933,7.244963020543901
6,90,1542.9148343955046,7.82462708213837
6,91,1543.7724674260728,8.338889257374301
6,92,1544.5054246659906,9.019163969863456
6,93,1545.231825217422,9.706435560197283
6,94,1545.9443999132893,10.408031813614945
6,95,1546.6312886662572,11.13479438904527
6,96,1547.2416176329184,11.926942451249705
6,97,1547.9104910895644,12.670318734833128
6,98,1548.585685500611,13.407958557030595
6,99,1549.1928798490376,14.20251190529535
6,100,1549.802622981422,14.995110992167128
6,101,1550.2471378075722,15.890882486094362
6,102,1550.6961521784713,16.784407021138662
6,103,1551.234711333585,17.626994723661785
6,104,1551.7465411168453,18.486081606909124
6,105,1552.3318007644448,19.29692755090326
6,106,1552.9607297160755,20.074390330591473
6,107,1553.5679935013557,20.86889061069676
6,108,1554.172577985152,21.665431634092684
6,109,1554.5854688438003,22.57621214488803
6,110,1555.0615638144182,23.455606015092084
6,111,1555.5111391755133,24.348848420431292
6,112,1555.96818588439,25.238291114428502
6,113,1556.3143216966855,26.17647553097282
6,114,1556.6471071032836,27.119478114826812
6,115,1557.1106075872633,28.005574780744624
6,116,1557.6659270608584,28.83721189045421
6,117,1558.1058898036406,29.73522791757379
6,118,1558.5775910571797,30.61698634674224
6,119,1558.9704357286275,31.536591188027398
6,120,1559.5178359502067,32.37346214427758
6,121,1559.9742744231262,33.263217122032096
6,122,1560.3061955444944,34.206524266704335
6,123,1560.7457679813367,35.10473141027896
6,124,1561.2667500080775,35.95829905716652
6,125,1561.8035908679274,36.80198258266385
6,126,1562.3072191189601,37.66590305629646
6,127,1562.7815197623454,38.5462659926382
6,128,1563.2278413188592,39.441138647372476
6,129,1563.857704914277,40.21784441609529
6,130,1564.428731668907,41.03877586603302
6,131,1565.015041342931,41.8488628774989
6,132,1565.6368829205126,42.6320059374764
6,133,1566.15920311706,43.48475538032496
6,134,1566.7291993573408,44.30640268061012
6,135,1567.3422298201383,45.096461951603224
6,136,1567.8732423582715,45.943825913750175
6,137,1568.4951111547332,46.72694736026227
6,138,1569.132398036564,47.497574008027925
6,139,1569.8456814884298,48.19844968694266
6,140,1570.5308013198996,48.92688006558345
6,141,1571.2293891973234,49.642404333177964
6,142,1571.8548284723495,50.42267717856905
6,143,1572.3844828970552,51.27089070733977
6,144,1572.9492313738615,52.096153791419624
6,145,1573.5392915076363,52.90351309094477
6,146,1574.00392816262,53.78901451886317
6,147,1574.4839053533583,54.66629548661008
6,148,1574.9635927105435,55.54373496563794
6,149,1575.6166527418513,56.30104110948484
6,150,1576.1150255539033,57.16800393464369
6,151,1576.6311556135909,58.02451415728366
6,152,1577.0496969321528,58.932711913643175
6,153,1577.4760903724064,59.83724971501401
6,154,1577.9007466120795,60.74260438480182
6,155,1578.3963367786469,61.61116088083517
6,156,1578.9740445109212,62.42740457978198
6,157,1579.4268636338165,63.31900698104627
6,158,1579.7818532922342,64.2538772086268
6,159,1580.2951664757495,65.11207856939792
6,160,1580.957334371748,65.86143407749077
6,161,1581.3901901220668,66.76289727663753
6,162,1581.7720057061551,67.68713580631872
6,163,1582.2370711259698,68.57241212210533
6,164,1582.902997158567,69.31842989609568
6,165,1583.3757120366638,70.19964533174453
6,166,1583.8706513729521,71.06857286232142
6,167,1584.3040215991443,71.96978884478627
6,168,1584.8351026067228,72.81710989574003
6,169,1585.3781181991003,73.6568325085324
6,170,1585.9268006144607,74.4928633734377
6,171,1586.3528613034475,75.39755795687459
6,172,1587.0029606877,76.15740714625016
6,173,1587.5551500692036,76.99112585598066
6,174,1588.010743236206,77.88131396316966
6,175,1588.5105583280174,78.74744609742963
6,176,1589.011225301509,79.61308608128819
6,177,1589.4207640403072,80.52537880921257
6,178,1589.841966546626,81.43234542859312
6,179,1590.2397284929368,82.34983408469031
6,180,1590.5944741335243,83.28479693447859
6,181,1590.8375543922805,84.25480311373884
6,182,1591.1394186655093,85.20815402528615
6,183,1591.5225615902302,86.13184309593505
6,184,1591.7864341726436,87.09640064230051
6,185,1592.016364312111,88.06960777902145
6,186,1592.191481292124,89.0541554128671
6,187,1592.5127868248667,90.00113099577779
6,188,1592.602161573528,90.99712906520449
6,189,1592.694321252919,91.99287330620945
6,190,1592.9029751361008,92.97086285473908
6,191,1593.0694024235056,93.95691658451608
6,192,1593.2718610676732,94.93620739801423
6,193,1593.6194939090283,95.8738381396238
6,194,1593.8485262364125,96.8472569564817
6,195,1594.1734696807252,97.79299040624342
6,196,1594.4972271560828,98.73913051064133
6,197,1594.7320352966663,99.71117224694473
6,198,1595.0859812331485,100.64643813109087
6,199,1595.340694882012,101.61345465477729
6,200,1595.7052791018743,102.54462507238486
6,201,1595.8733876805502,103.5303935572613
6,202,1596.243813120533,104.45925576093494
6,203,1596.5484640449058,105.41171983599439
6,204,1596.8715200778022,106.35809967496455
6,205,1597.2637864882865,107.27795132778998
6,206,1597.7213981466548,108.16710349144113
6,207,1598.0530819290789,109.1104941149248
6,208,1598.3394490026112,110.06861409655369
6,209,1598.7461919655882,110.98215674036878
6,210,1599.269862154168,111.83407782450318
6,211,1599.8694630110126,112.63437702634663
6,212,1600.2104164866196,113.57445719711484
6,213,1600.6362284737381,114.47926886349968
6,214,1601.0661309996474,115.38214416951749
6,215,1601.4018285468833,116.32411399747365
6,216,1601.7423691850952,117.2643437958348
6,217,1602.2112577108132,118.14760114816761
6,218,1602.4858474087494,119.10916263751054
6,219,1602.7958042809514,120.05991325537762
6,220,1603.0029827134952,121.03821642775758
6,221,1603.3311935150398,121.98282093216643
6,222,1603.6627101800277,122.92627029532021
6,223,1603.8086530104767,123.91556332078866
6,224,1604.0756622887009,124.87925727912932
6,225,1604.2336419524593,125.86669964496076
6,226,1604.6407512447975,126.78007909737461
6,227,1604.874749596338,127.75231609084706
6,228,1604.9257547743475,128.75101447965932
6,229,1605.0589836085305,129.74209978261877
6,230,1605.266024195677,130.72043213681854
6,231,1605.4982682808588,131.6930896741347
6,232,1605.8184863130646,132.64043354615282
6,233,1606.0236037212435,133.61917092096897
6,234,1606.3363168200535,134.569018549714
6,235,1606.5807939638928,135.53867360494766
6,236,1606.6913339803107,136.53254527914424
6,237,1607.0083421303361,137.48096809245985
6,238,1607.282875408267,138.44254569167302
6,239,1607.6009470254517,139.39061238043578
6,240,1607.7879454067072,140.3729726022525
6,241,1608.037595547752,141.34130870458281
6,242,1608.260227173585,142.31621134545472
6,243,1608.5794896676946,143.26387766851093
6,244,1608.9934346551286,144.17417956754127
6,245,1609.271394584598,145.13477223751607
6,246,1609.627123263631,146.0693615092893
6,247,1610.154949782385,146.91871371308926
6,248,1610.4704669018636,147.86763359765064
6,249,1610.7780560641613,148.81915286032321
6,250,1611.223186614938,149.7146185451852
6,251,1611.6578798763292,150.61519711949234
6,252,1611.9534657319925,151.57051329853036
6,253,1612.2337518146546,152.53042981149696
6,254,1612.5740062841403,153.4707632076895
6,255,1612.8191469127394,154.44025073840356
6,256,1613.0600605555396,155.41079729406832
6,257,1613.4256043553194,156.3415914337376
6,258,1613.8069390850214,157.2660284645423
6,259,1614.0100887137978,158.2451761696042
6,260,1614.165994283158,159.23294813389683
6,261,1614.3513841660774,160.21561317922564
6,262,1614.6723549031735,161.16270229115125
6,263,1614.8679503136957,162.14338696798814
6,264,1615.0452459046728,163.12754461461805
6,265,1615.2741302633885,164.1009982346407
6,266,1615.4942349128446,165.0764744994918
6,267,1615.7128730495679,166.05228050745148
6,268,1615.9290878640725,167.0286263242545
6,269,1616.0625655990432,168.0196781363547
6,270,1616.4045329924913,168.95938995484923
6,271,1616.7517282776707,169.89718280721547
6,272,1617.039365894949,170.8549221251546
6,273,1617.172731696102,171.8459890063906
6,274,1617.3264568268542,172.83410265581318
6,275,1617.4823716574153,173.82187315831416
6,276,1617.6757550068214,174.8029964330215
6,277,1617.9750764256978,175.75714877316526
6,278,1618.1362260848234,176.74407875414855
6,279,1618.4408003974138,177.69656733051576
6,280,1618.8156233256502,178.62366375078076
6,281,1618.9969792697975,179.6070812722448
6,282,1619.3336231559358,180.5487133096807
6,283,1619.6428881313489,181.4996892163065
6,284,1619.9082378055741,182.4638414607101
6,285,1620.1572037819703,183.43235369222663
6,286,1620.5738053931832,184.34144285041455
6,287,1621.01856758314,185.2370915507344
6,288,1621.369347472938,186.1735494883447
6,289,1621.8319583510936,187.06011092186873
6,290,1622.3417866823386,187.92038708256365
6,291,1622.6393962595894,188.8750747485197
6,292,1623.150550471335,189.73456376637546
6,293,1623.469384403744,190.68237436113822
6,294,1623.7402262023136,191.64499823376323
6,295,1624.1025981861044,192.5770317875388
6,296,1624.3522954095486,193.54535575016922
6,297,1624.6495155199323,194.5001647394354
6,298,1625.1293319000815,195.37753367058156
6,299,1625.632333790256,196.24181898139096
6,300,1626.246230987134,197.0312049653466
6,301,1626.7168765832778,197.91352731167495
6,302,1627.2781487961524,198.74115857199243
6,303,1627.6819981290291,199.65598408340705
6,304,1628.1402017219768,200.54483135229515
6,305,1628.4967007276618,201.4791270543861
6,306,1628.8916156193777,202.3978447630981
6,307,1629.5471571392359,203.1530038958258
6,308,1630.1098717402933,203.97965513894874
6,309,1630.707069003445,204.78174954042794
6,310,1631.3584636819837,205.5404886080733
6,311,1631.9388991284984,206.35479487258888
6,312,1632.5072194752097,207.17760225193953
6,313,1633.0015724064715,208.0468635356471
6,314,1633.4695175259749,208.93062106185718
6,315,1634.135688099003,209.67642047700272
6,316,1634.7059755181122,210.49786570317767
6,317,1635.3693351084378,211.2461664808887
6,318,1636.0124789508666,212.01191186804155
6,319,1636.4061858852292,212.93114788225918
6,320,1636.9756385491173,213.75317200817685
6,321,1637.4623436651448,214.62673833653014
6,322,1638.085995139835,215.40844086186618
6,323,1638.7207720359042,216.18113633371564
6,324,1639.330392677664,216.9738296370433
6,325,1639.9634443107163,217.7479392093195
6,326,1640.3628044566995,218.66473333768218
6,327,1640.8211166117817,219.55352463405265
6,328,1641.4802876622223,220.30551767009823
6,329,1642.0044110026427,221.15716003871697
6,330,1642.6160979698327,221.94825994022742
6,331,1643.3129499241543,222.66547493850774
6,332,1643.963190730777,223.42520310923902
6,333,1644.4946443423107,224.27229050661177
6,334,1645.067676445563,225.09182342763592
6,335,1645.5431597604197,225.97154816713848
6,336,1646.1001796970336,226.80204728827866
6,337,1646.6135241082122,227.66022997017785
6,338,1647.1076585235287,228.52961548857562
6,339,1647.7686617757465,229.27999852446968
6,340,1648.3194205495647,230.114662991823
6,341,1648.7824614569251,231.00099990186953
6,342,1649.2973717693042,231.85824395708707
6,343,1649.8511647884402,232.69089832232885
6,344,1650.402492414599,233.52518715039386
6,345,1650.905210151709,234.38963777176852
6,346,1651.272081132688,235.3199096047913
6,347,1651.5897784343215,236.26810179234337
6,348,1651.9834208549203,237.18736543499722
6,349,1652.2606637902238,238.14816528659185
6,350,1652.5174550956172,239.1146321641797
6,351,1652.7736908259126,240.08124648774415
6,352,1653.2229112225018,240.97466746090748
6,353,1653.5930094548598,241.90366008650014
6,354,1653.9658358051463,242.83156121945132
6,355,1654.3852431456085,243.73935937034523
6,356,1654.7110196537524,244.68480617833688
6,357,1654.9913945154767,245.64469676424397
6,358,1655.435401063925,246.5407203046351
6,359,1655.8928530965225,247.42995460327202
6,360,1656.304032607026,248.3415089955833
6,361,1656.835660000031,249.1884873394662
6,362,1657.3964320707873,250.01645755913583
6,363,1657.9401437599179,250.85572962414378
6,364,1658.3550066772953,251.7656135506889
6,365,1658.6945358473733,252.70620907622902
6,366,1659.1137126394635,253.61411370611748
6,367,1659.5781998749085,254.4996935207636
6,368,1659.8513929953726,255.4616527293224
6,369,1660.270450741303,256.369612312991
6,370,1660.567067914108,257.3246087804175
6,371,1660.9790595321958,258.23579641566363
6,372,1661.2673383338172,259.1933429328291
6,373,1661.431885187242,260.17971220091687
6,374,1661.538251479464,261.1740392154744
6,375,1661.8026816521822,262.13844404942967
6,376,1661.9322716675686,263.1300117112219
6,377,1662.244069176309,264.08016028567926
6,378,1662.3847549720772,265.0702145805889
6,379,1662.5856890895782,266.0498193378375
6,380,1662.7462324564883,267.0368481253311
6,381,1662.9115424875154,268.02308977606475
6,382,1663.178414915551,268.98682164082504
6,383,1663.4488749714867,269.9495528380671
6,384,1663.6149741834715,270.93566188466286
6,385,1663.8361309376614,271.91090015815104
6,386,1663.834712709069,272.91089915246437
6,387,1664.036188032792,273.89039274301547
6,388,1664.3330681179166,274.845307511493
6,389,1664.469949697423,275.83589492974124
6,390,1664.7336468403123,276.80050045368984
6,391,1665.0197284559167,277.758705707909
6,392,1665.3588647491133,278.69944295849325
6,393,1665.6159497386786,279.6658317561002
6,394,1665.730437139361,280.65925645635934
6,395,1666.1458489450708,281.5688899164282
6,396,1666.5065830876629,282.50155860270877
6,397,1666.9166316277592,283.4136223037543
6,398,1667.3777353471212,284.30096854958543
6,399,1667.6895705191228,285.2511047637688
6,400,1668.1381724360351,286.1448364461783
6,401,1668.4793384628979,287.0848395004897
6,402,1668.7985662190006,288.03251752584094
6,403,1669.3098275576874,288.8919428242609
6,404,1669.8553936407745,289.73001063117454
6,405,1670.3386161324395,290.6055082174358
6,406,1670.813517106524,291.4855474579323
6,407,1671.2927833194324,292.36321704106956
6,408,1671.7343336287593,293.2604535340486
6,409,1672.2879976170439,294.0931937024546
6,410,1672.8746927084294,294.903001623967
6,411,1673.3662793647086,295.7738302864306
6,412,1673.7310453181417,296.70492952884035
6,413,1674.3038735944654,297.52460493157247
6,414,1674.812109339242,298.3858229224037
6,415,1675.3991704988723,299.195365506122
6,416,1676.016936115828,299.9817277906368
6,417,1676.6035076766077,300.79162519406793
6,418,1677.1630774006662,301.62040847328944
6,419,1677.8318118549762,302.36390980457196
6,420,1678.474357633053,303.13015710347474
6,421,1678.953879394552,304.00768709170814
6,422,1679.600190266433,304.77076130624334
6,423,1680.0776746855174,305.6494015224477
6,424,1680.696151171804,306.43520482856854
6,425,1681.2722284468618,307.25260006538
6,426,1681.7886753095038,308.10891930378784
6,427,1682.1741836691513,309.03162364681543
6,428,1682.5370439314609,309.9634672120325
6,429,1683.038744871407,310.82850834796596
6,430,1683.6912890459173,311.58625903276453
6,431,1684.3673026215336,312.3231482005385
6,432,1684.8869139605101,313.1775509488996
6,433,1685.503678947409,313.9646982991051
6,434,1686.1717198842048,314.70882282280076
6,435,1686.8585797894498,315.4356126621401
6,436,1687.5618038148543,316.14658099483427
6,437,1688.2638813453616,316.8586815082147
6,438,1688.811363783744,317.6954986803993
6,439,1689.4027650559065,318.50187609531395
6,440,1690.105252870802,319.21357186593747
6,441,1690.7198302019974,320.002428446046
6,442,1691.4117521433482,320.72440076343594
6,443,1692.0552488833864,321.4898496157834
6,444,1692.8163742267698,322.13845443511457
6,445,1693.5826945743108,322.7809130913288
6,446,1694.1811075443222,323.58210090783757
6,447,1694.8568635420975,324.31922629165683
6,448,1695.5813855194933,325.0084779904364
6,449,1696.359129782069,325.63705882217624
6,450,1697.1452071801748,326.2551869029066
6,451,1697.9476937367695,326.85185710199886
6,452,1698.7219685898694,327.4847065721393
6,453,1699.535747357352,328.0658813458473
6,454,1700.362798089901,328.628008631958
6,455,1701.066914582156,329.33809310956224
6,456,1701.6486232299064,330.1514903367104
6,457,1702.4912948765066,330.68991813689934
6,458,1703.3581945838778,331.18840073174084
6,459,1704.2138361925984,331.7059695072923
6,460,1705.0353621914023,332.2761405634581
6,461,1705.7894383279156,332.9329275763788
6,462,1706.421630877384,333.70773889560223
6,463,1707.3253543952696,334.1358554722731
6,464,1708.2271641813181,334.56798868065584
6,465,1709.0967757183437,335.0617252244442
6,466,1709.977274905602,335.53577288158164
6,467,1710.912119511054,335.8908300088965
6,468,1711.826176307661,336.29641621746
6,469,1712.6827290990084,336.81247562841475
6,470,1713.453985571747,337.4490001395366
6,471,1714.4395433527266,337.6183396220864
6,472,1715.267032001144,338.1798220677072
6,473,1716.1957900379266,338.55050860524494
6,474,1717.1651685590857,338.7960799446058
6,475,1718.0636793363876,339.2350314032803
6,476,1718.8510194216474,339.8515503325461
6,477,1719.7825340319616,340.2152542379018
6,478,1720.664965258197,340.6856956592972
6,479,1721.4376018108755,341.3205442691761
6,480,1722.267839936348,341.8779531451475
6,481,1723.1322537715707,342.3807341327311
6,482,1724.0952177840422,342.6503640841177
6,483,1725.0275823294812,343.0118835917632
6,484,1725.9135964358445,343.47554187468853
6,485,1726.8500553257147,343.82631922227966
6,486,1727.5623655493164,344.52818398514546
6,487,1728.4454435415914,344.997410220089
6,488,1729.334285095577,345.45562489893354
6,489,1730.3061206194666,345.69128506634866
6,490,1731.2173577732567,346.1031671484453
6,491,1732.1915023437557,346.3290927020404
6,492,1733.1310418630555,346.6715331956648
6,493,1734.0680205974015,347.0209195883356
6,494,1735.0464501317801,347.2275004351136
6,495,1735.9638329262416,347.62550647580406
6,496,1736.9347920972425,347.86475172288175
6,497,1737.905774640448,348.10390209563917
6,498,1738.8358319590475,348.4713165538738
6,499,1739.8351104001283,348.4333350163697
6,500,1740.8341393913113,348.47739264653893
6,501,1741.8148165563969,348.6730257160334
6,502,1742.770017300933,348.9689843915906
6,503,1743.73860500648,349.2176565787429
6,504,1744.728877531723,349.3567979663634
6,505,1745.6831573656455,349.65571266752204
6,506,1746.5880103583395,350.081436828937
6,507,1747.509479595467,350.4698881708418
6,508,1748.4893649396824,350.66944947017487
6,509,1749.311069806893,351.239362719014
6,510,1750.257482300558,351.5623230754592
6,511,1751.2552913248114,351.4961630337544
6,512,1752.2176363993174,351.76799378546275
6,513,1753.2123015435484,351.8711502241941
6,514,1754.2006680457632,351.71905927344574
6,515,1755.1935591220881,351.60003276146404
6,516,1756.1921269036043,351.65353402984204
6,517,1757.0276010687342,352.20306375551695
6,518,1758.0252010605575,352.2723043239282
6,519,1759.0187651977883,352.38557526110435
6,520,1759.992423036614,352.6135893240336
6,521,1760.8754370452473,353.08293595559434
6,522,1761.8739121621124,353.0277323234593
6,523,1762.7544892390222,353.5016352793703
6,524,1763.7373252129971,353.3171537131895
6,525,1764.720153081459,353.13262896966063
6,526,1765.6881511580946,352.88167135644665
6,527,1766.6871953866687,352.92538210286665
6,528,1767.6665390250955,353.127585064944
6,529,1768.6665066777957,353.11954183466605
6,530,1769.6362113027608,352.8752613804309
6,531,1770.6018307175082,353.13522127322796
6,532,1771.5188048005016,352.73627449592766
6,533,1772.4117011778724,353.18653670762
6,534,1773.3749777430457,352.9180255179314
6,535,1774.3538293526915,352.71345395027396
6,536,1775.312242802342,352.9988373056552
6,537,1776.3043405203264,353.12430490294776
6,538,1777.30158901061,353.0501736097776
6,539,1778.2845265652975,353.2341131748119
6,540,1779.2324505133415,353.5526099388846
6,541,1780.1148149187022,354.02317667820284
6,542,1781.0848778939944,353.78032317510423
6,543,1782.0797792414867,353.6794702685625
6,544,1783.077478728003,353.74726211619225
6,545,1784.0273607169388,353.4346534037494
6,546,1785.0166396168863,353.5806919538614
6,547,1785.9575850555239,353.24213371439976
6,548,1786.909428543247,352.9355493461112
6,549,1787.9037797721726,352.8294096573321
6,550,1788.896325519295,352.95128229523385
6,551,1789.8888785190632,353.0730958521613
6,552,1790.8864869836443,353.0039774653457
6,553,1791.8595251381591,353.23462167155606
6,554,1792.8297635053973,352.99246983749526
6,555,1793.8278809252784,353.05380185303477
6,556,1794.7554791385762,353.4273812350766
6,557,1795.7155842278378,353.1477417929834
6,558,1796.5856513486772,352.6548085264715
6,559,1797.5844786207317,352.70322423260336
6,560,1798.5493195482202,352.440389713099
6,561,1799.532294814091,352.62412764246073
6,562,1800.5317073039548,352.65840117604466
6,563,1801.5187057717806,352.4976715132263
6,564,1802.386857706492,352.0013729959437
6,565,1803.370771437483,352.18001725128744
6,566,1804.3127748113736,351.84441384907166
6,567,1805.252303690887,351.5019441649236
6,568,1806.1491870610323,351.05967702805196
6,569,1807.1424748498393,351.1753462487057
6,570,1807.9465756816833,350.5808533116343
6,571,1808.8922898009707,350.25585361228025
6,572,1809.8865968640523,350.36240624859784
6,573,1810.8066806026811,349.9706845183982
6,574,1811.8056811407089,349.92598636384855
6,575,1812.5693330268418,349.2803581451301
6,576,1813.506801520186,349.6284282874682
6,577,1814.3679287705145,349.120038812025
6,578,1815.267681324491,348.6836383747969
6,579,1815.6915442686782,347.77791203392735
6,580,1816.24795096178,346.94700193537784
6,581,1817.2351356442252,346.78741997290996
6,582,1817.6494731478638,345.8772966663857
6,583,1818.519008054601,345.38342517908825
6,584,1819.5106258746002,345.51263082548246
6,585,1820.4026742671665,345.0606909342139
6,586,1821.3122118283995,344.64506920149734
6,587,1822.3121543649913,344.6557894400294
6,588,1823.2407045591701,344.2845825746692
6,589,1824.2396078682323,344.2377618618964
6,590,1825.1988061499294,344.5204961123674
6,591,1825.8818144317927,343.79008548340164
6,592,1826.7859410830458,343.36282093011675
6,593,1827.4961846272706,342.6588648889558
6,594,1828.4769662991537,342.46375642656045
6,595,1829.4313874271504,342.165293178516
6,596,1830.421908171318,342.30265640275655
6,597,1831.395694195263,342.07519040624504
6,598,1832.3888177847934,341.95811976125566
6,599,1833.3379290732055,342.273060648104
6,600,1834.2847437833684,341.95128136875405
6,601,1835.27968699584,342.0517204246867
6,602,1836.2787657054712,342.0946358293986
6,603,1837.2738799175854,342.1933662950524
6,604,1838.2433511523052,342.4385713623959
6,605,1839.2416125700859,342.4975132131535
6,606,1840.1916087229636,342.18525160885713
6,607,1841.142133476175,342.49590043556043
6,608,1842.086486755713,342.8248333822625
6,609,1843.0818960933116,342.9205425804686
6,610,1844.0637618670683,343.1101200114175
6,611,1845.007751553094,343.44009496906875
6,612,1845.9129957637167,343.8649866248285
6,613,1846.883472993496,344.10617938276215
6,614,1847.8383423921582,344.40320536057965
6,615,1848.8071649345175,344.65096104954847
6,616,1849.651414599482,345.18691114350065
6,617,1850.547947009515,345.629889289418
6,618,1851.4717090431973,346.01285626596706
6,619,1852.3855824629961,346.4188554932881
6,620,1853.322093521924,346.76949353530006
6,621,1854.3157126446463,346.65670595193825
6,622,1855.3151868000814,346.6242804586143
6,623,1856.2700372642487,346.9213672995876
6,624,1857.2642370644844,346.8138184399408
6,625,1858.2230537980713,346.5297929632775
6,626,1859.1890579977396,346.27126658894923
6,627,1860.1245522982438,345.91792480862273
6,628,1861.123913200593,345.953670953247
6,629,1862.1236598732867,345.97617851726943
6,630,1862.9646152252344,345.43507400238315
6,631,1863.963850671587,345.4741703289728
6,632,1864.90018446154,345.82528147062465
6,633,1865.70429835137,346.419756745285
6,634,1866.6739681749164,346.6641753069848
6,635,1867.6568056404294,346.8486489267348
6,636,1868.5149427099839,347.36206958258765
6,637,1869.4532744467551,347.70780582854405
6,638,1870.3844815708876,348.0722962837896
6,639,1871.2620504666036,348.55174683731104
6,640,1872.1448800090352,349.0214403533512
6,641,1873.0419589692674,349.4633106274237
6,642,1873.7858928057287,350.13156390797536
6,643,1874.4081636948126,350.9143658884269
6,644,1875.214968593818,351.5051838425728
6,645,1875.9606112805563,352.17152983656814
6,646,1876.8194301677672,352.68380917342444
6,647,1877.6012056721663,353.3073691630979
6,648,1878.3440809913882,353.976798965311
6,649,1879.046358700449,354.6887020621973
6,650,1880.0156877850518,354.9344684670272
6,651,1880.7209807415136,355.64338443212137
6,652,1881.5659325282695,356.1782269117899
6,653,1882.4218339490624,356.6953659239373
6,654,1883.2456691289226,357.2621953483895
6,655,1883.9535640394786,357.96851312079013
6,656,1884.8907507127246,358.31734135859506
6,657,1885.7423263246233,358.84157315581785
6,658,1886.63605694259,359.29017719337077
6,659,1887.423110729035,359.9070615725232
6,660,1888.3832862996508,360.18645891251145
6,661,1889.3040781256534,360.57651328457604
6,662,1890.269502250243,360.83719749902025
6,663,1891.1422036666959,361.32545177470166
6,664,1892.0551930643314,361.73343505843405
6,665,1893.028504282578,361.9629242138106
6,666,1893.9418416165554,362.37012798879715
6,667,1894.8289113787198,362.8317633828621
6,668,1895.710540593292,363.3037060997386
6,669,1896.630218403108,363.6963799161971
6,670,1897.5067226864635,364.17777397646336
6,671,1898.3315264309092,364.74319309813194
6,672,1899.2710294436301,365.085733736726
6,673,1900.1854165781936,365.49057465380946
6,674,1901.13545458958,365.80270888282155
6,675,1902.0077366683222,366.29171192484193
6,676,1902.9569544245405,366.6063317768537
6,677,1903.735195946678,367.234296850103
6,678,1904.375436288801,368.00247150753336
6,679,1905.098864813063,368.6928707907631
6,680,1906.069744608419,368.9324379482986
6,681,1907.0042873024433,369.28828897477655
6,682,1907.8936618533394,369.74546827025955
6,683,1908.7512249702859,370.2598470222051
6,684,1909.5849539976655,370.81202082537294
6,685,1910.3758761510355,371.4239376067317
6,686,1911.1243930091264,372.0870533682349
6,687,1912.00562947691,372.5597290370063
6,688,1912.7857569153782,373.1853496726546
6,689,1913.7421507336103,373.4774299089725
6,690,1914.567871691112,374.0415087158269
6,691,1915.2751108180996,374.7484831264372
6,692,1916.015716033749,375.4204235364089
6,693,1916.8198107174887,376.0149247892096
6,694,1917.6621388672315,376.5538898049119
6,695,1918.5798048307754,376.95124251894964
6,696,1919.2889459572714,377.65630908510633
6,697,1920.0648881003276,378.28711316771
6,698,1920.8119185369922,378.9519030041973
6,699,1921.701331011632,379.4090085171318
6,700,1922.5984413816288,379.850815017813
6,701,1923.4179529130151,380.4238777106528
6,702,1924.1528382584224,381.1020690767918
6,703,1924.9291605125795,381.7324053027066
6,704,1925.73680434264,382.322075925822
6,705,1926.585534198078,382.8509025821928
6,706,1927.4586232198028,383.33846340931467
6,707,1928.2946366577203,383.88717237736716
6,708,1929.1536235394085,384.3991699721736
6,709,1929.8755180746869,385.09117306460547
6,710,1930.5919911628012,385.7887877963937
6,711,1931.4907245303605,386.22728333118914
6,712,1932.4713809232617,386.42302049950945
6,713,1933.4068301272587,386.77648165259626
6,714,1934.3877581265597,386.970853101599
6,715,1935.3146551839807,387.3461687620027
6,716,1936.2186387840277,387.77373589222424
6,717,1937.1284175091757,388.18882946151683
6,718,1938.089931311973,388.4635860938849
6,719,1939.06779680098,388.6728206163932
6,720,1940.0676452836224,388.6554133834807
6,721,1941.0502083994452,388.841342734108
6,722,1942.038744171477,388.69035588894167
6,723,1942.9911261481445,388.3854484103212
6,724,1943.8551843728462,388.88884028980027
6,725,1944.851869885663,388.80748926927237
6,726,1945.8450405336257,388.9241600197858
6,727,1946.7450486139962,389.36003322986863
6,728,1947.6448444972991,388.9237221385688
6,729,1948.4901355572758,389.45802825300444
6,730,1949.4833206721726,389.57457578642914
6,731,1950.437565380693,389.8736026017158
6,732,1951.4317845149433,389.98097258397695
6,733,1952.4304803900284,389.9299182101396
6,734,1953.4232687922497,389.810038318519
6,735,1954.4228345432568,389.78057122817535
6,736,1955.4071034064225,389.6038941074078
6,737,1956.1122835679416,388.8948659416768
6,738,1957.1092386082687,388.8168874345958
6,739,1957.9974569884598,389.276308928532
6,740,1958.7635733862471,388.6336070808285
6,741,1959.0909820785946,387.688724258371
6,742,1960.0213028342082,387.32197735426035
6,743,1960.924637669557,387.7509134511857
6,744,1961.9123654765797,387.5947283711242
6,745,1962.9114017446518,387.55083605885534
6,746,1963.111353138435,386.5710302412955
6,747,1962.891484092923,385.5955008451082
6,748,1963.7503251567634,385.0832586884464
6,749,1964.1917249662781,384.18594814679403
6,750,1965.1224249171992,383.8201646023919
6,751,1965.9488057713093,383.2570529935965
6,752,1966.9318882678883,383.07388966506164
6,753,1967.679354888785,382.4095902968207
6,754,1968.672463337094,382.2923912784924
6,755,1969.6565458119394,382.4701036379452
6,756,1970.652865575307,382.3843894085377
6,757,1971.652718609287,382.40153322494575
6,758,1972.6211462159995,382.1522382780316
6,759,1973.5462649770466,381.7725604172618
6,760,1974.4321975444648,382.23637448128716
6,761,1975.2004651876787,382.876503240515
6,762,1976.10889809509,383.2945339244754
6,763,1977.045840426973,383.64401792514724
6,764,1978.0292242845444,383.46247953067405
6,765,1978.9146857579724,382.9977667386456
6,766,1979.8020416166034,383.4588519587006
6,767,1980.799891705164,383.3933141775402
6,768,1981.7867107302395,383.2314864551024
6,769,1982.67657331386,383.687715106408
6,770,1983.6667268225733,383.5477292886161
6,771,1984.6666960675138,383.5555720670173
6,772,1985.6299531629677,383.82415309400494
6,773,1986.5680499874431,384.1705262279361
6,774,1987.4654603438794,384.61172306854263
6,775,1988.4410899426566,384.3922990817277
6,776,1989.2380629275665,384.9963140329696
6,777,1990.1570826422753,384.6021024603639
6,778,1990.8991732664028,385.2724020244262
6,779,1991.0830133387,386.25535819222705
6,780,1992.0236587525746,386.59474912515924
6,781,1992.6990536352162,385.8572928535732
6,782,1993.2372617446222,386.70010483199405
6,783,1994.1694599065838,386.3381565113246
6,784,1995.1579131341416,386.18663022010514
6,785,1995.5885779729247,387.0891421572207
6,786,1996.5358264516938,387.40964226559765
6,787,1996.3297543579745,388.38817907747045
6,788,1996.9677925571982,389.15818378935944
6,789,1996.1994065373722,389.798170449014
6,790,1996.862245298142,390.54693261233507
6,791,1996.4168339187518,391.44225864407423
6,792,1997.3924375801032,391.22271936294766
6,793,1998.3763221465617,391.4015241724037
6,794,1998.3085348677075,392.3992239693494
6,795,1999.2654259337562,392.6896710173912
6,796,1998.3360504165482,393.0588066943645
6,797,1998.1002119959633,394.0305989763754
6,798,1998.036898253244,395.0285926486915
6,799,1998.8139279765642,394.39912874259574
6,800,1999.8089271061863,394.29924515009395
6,801,2000.808311409631,394.33433095959464
6,802,2001.4386190983366,393.55798553547044
6,803,2002.397740622603,393.2749910095708
6,804,2003.3808597198931,393.0920242351466
6,805,2004.371862113736,392.95818008922294
6,806,2005.332336829006,393.23654733105803
6,807,2006.2407798956665,393.65455593699375
6,808,2007.2192292397967,393.8610429365148
6,809,2008.2173242811123,393.79934781108716
6,810,2009.1488475170224,394.1630296238844
6,811,2010.0299104443638,393.69003055616383
6,812,2010.9616618496545,394.0531274010119
6,813,2011.786945022972,394.6178465204323
6,814,2012.6833301129648,394.17457034191733
6,815,2013.6830501082698,394.19823320284587
6,816,2014.6762594168601,394.3145743792596
6,817,2015.6678645648587,394.1852715159393
6,818,2016.666556084716,394.1341320188229
6,819,2017.6445976519735,393.9257221037126
6,820,2018.6437337802424,393.96727925938745
6,821,2019.568418384602,394.3480132642525
6,822,2020.4626346724137,393.90037811079367
6,823,2021.4571348573102,393.7956432921277
6,824,2022.3285765750036,394.2861423570233
6,825,2023.3169242041613,394.438355904181
6,826,2024.290658538518,394.66604307135316
6,827,2025.20081318777,395.0803117214403
6,828,2026.118472926453,395.4776788111703
6,829,2027.109648124924,395.610237198064
6,830,2028.0757968917596,395.8682227797194
6,831,2029.0714983663045,395.7756021902737
6,832,2030.003213182302,396.13879291379317
6,833,2030.8516872291614,395.6095559235836
6,834,2031.8401084427153,395.7612909050371
6,835,2032.8352954838983,395.6632972671745
6,836,2033.8187532557206,395.84443481447545
6,837,2034.7781763339203,395.5624643248537
6,838,2034.937951077509,394.57531082548735
6,839,2035.8740901991926,394.2236809848118
6,840,2036.8630816195991,394.07570811445385
6,841,2037.684801448206,394.6455997912438
6,842,2038.6572601280952,394.41252444739996
6,843,2039.6561970917387,394.4586215478161
6,844,2040.655519669636,394.4218195736228
6,845,2040.4041931175177,393.45391722100646
6,846,2041.3783954286146,393.67959366429136
6,847,2042.2925512213117,393.27423063356673
6,848,2043.2077141168256,393.67731483652506
6,849,2043.9471807905331,394.3505080023221
6,850,2044.7549732933294,393.76104106310817
6,851,2045.6862169340195,394.1254382113879
6,852,2046.5737748006363,393.66474196286117
6,853,2047.520192510398,393.9876870334998
6,854,2048.4253316692825,394.41280243318965
6,855,2049.3137654710813,394.87180720421225
6,856,2049.995830415354,395.6030988093838
6,857,2050.979829198826,395.4249236311881
6,858,2051.9077773906347,395.79763283863923
6,859,2052.776935919401,396.29216640865576
6,860,2053.764324763125,396.4504802466141
6,861,2054.754006382621,396.3071962906674
6,862,2055.6966961606663,395.97352582093924
6,863,2056.6962926569895,396.00193082997373
6,864,2057.4385410725426,396.67205566133623
6,865,2058.314299053547,397.1548060717003
6,866,2059.2862222773574,397.3901042804023
6,867,2060.183850661396,397.83085736793345
6,868,2061.175505404159,397.9597793255475
6,869,2062.14483094064,398.2055597241277
6,870,2063.144618546013,398.2261690458598
6,871,2064.023786008265,398.7026819767631
6,872,2064.8558432345485,399.25737177492886
6,873,2065.724864385093,399.75214671356906
6,874,2066.4243203327323,400.4668224283602
6,875,2067.3216087844135,400.9082671411839
6,876,2068.2293692194216,401.32775610722916
6,877,2069.004064017319,401.9600914376601
6,878,2069.7994479478066,402.5661973715711
6,879,2070.660638057758,403.07448035822483
6,880,2071.6095641779757,403.38997872330634
6,881,2072.5229231986937,403.7971338525549
6,882,2073.5007482305996,404.00655736359926
6,883,2074.2241225388498,404.6970134521113
6,884,2075.165648782687,405.0339531086752
6,885,2076.143665172536,405.24248114320903
6,886,2076.975469842775,405.7975495989591
6,887,2077.898408740202,406.18249607785765
6,888,2078.755906975984,406.69698298306514
6,889,2079.662644595335,407.1186782399191
6,890,2080.4834285119473,407.68991703607264
6,891,2081.41918420428,408.04256598937656
6,892,2082.269198304944,408.56932592395043
6,893,2083.1172753237115,409.0991988995194
6,894,2083.9683936199076,409.62417284733004
6,895,2084.9519275585058,409.8048963699424
6,896,2085.9331436159287,409.99780839303963
6,897,2086.913542965141,410.1948289911105
6,898,2087.816506723972,410.6245457003942
6,899,2088.5218803057783,411.3333814430667
6,900,2089.3832221104412,411.8414073238445
6,901,2090.275096397074,412.293690704971
6,902,2091.0684708862627,412.9024245712082
6,903,2091.8868741828833,413.47706884733066
6,904,2092.6023651611977,414.1756908194664
6,905,2093.384247279483,414.7991171207288
6,906,2094.0043222721647,415.58365966479556
6,907,2094.6647995259846,416.33450571904814
6,908,2095.4809197940654,416.9123878073914
6,909,2096.15773796309,417.64853804075284
6,910,2096.751918460405,418.45286977369057
6,911,2097.632024041071,418.9276477922213
6,912,2098.457072554183,419.49270969238074
6,913,2099.218714256469,420.14070808538725
6,914,2099.871048765838,420.89863927480076
6,915,2100.777676481113,421.32057076911656
6,916,2101.462666927804,422.0491228180066
6,917,2102.3282897935132,422.54981938715946
6,918,2103.098395324772,423.18773589480344
6,919,2103.9865674481225,423.64724680795257
6,920,2104.760702687669,424.28026705319917
6,921,2105.589710770113,424.8395036750709
6,922,2106.449335821973,425.35042908079566
6,923,2107.062389800286,426.140470104841
6,924,2107.7486677158327,426.86780951847993
6,925,2108.450564391869,427.5800882954828
6,926,2109.2816364940422,428.1362529842125
6,927,2110.2281697399235,428.4588592681584
6,928,2110.9706212375977,429.12875909171515
6,929,2111.7407695655593,429.76662393079783
6,930,2112.4352856529545,430.48610110510526
6,931,2113.0574532379546,431.2689851937002
6,932,2113.8588235899124,431.86715369755456
6,933,2114.6923298282536,432.41966374329706
6,934,2115.426179235636,433.09897593020725
6,935,2116.2440024607654,433.6744454536739
6,936,2116.964296934069,434.36811386994253
6,937,2117.839238274061,434.85234279470177
6,938,2118.6025784351727,435.4983395427074
6,939,2119.497653952072,435.94425412987306
6,940,2120.2012681352116,436.6548363427695
6,941,2121.1334563258824,437.0168103434574
6,942,2121.998323958415,437.5188103217424
6,943,2122.844969937921,438.0509668639234
6,944,2123.619899194897,438.68301484207313
6,945,2124.5342704083696,439.0878917171502
6,946,2125.456083615999,439.47552609416033
6,947,2126.0275582398785,440.2961458320789
6,948,2126.61457515108,441.10572050186755
6,949,2127.479401104808,441.60779227936376
6,950,2128.2616957518694,442.23070084823974
6,951,2128.787103022935,443.0815517162018
6,952,2129.5883922433695,443.6798288971266
6,953,2130.402113173537,444.26108464789985
6,954,2131.332228521513,444.6283521790805
6,955,2132.2337526508486,445.0610810136018
6,956,2132.875825264212,445.827724841705
6,957,2133.722655123782,446.359588723672
6,958,2134.615231382604,446.8104851887132
6,959,2135.330940547704,447.508883635871
6,960,2135.9422379845964,448.3002845732274
6,961,2136.6300459680992,449.0261772497502
6,962,2137.510196715057,449.50087153308334
6,963,2138.3256368398834,450.07971296458584
6,964,2139.151392061896,450.643741610418
6,965,2140.030464101479,451.1204305543039
6,966,2140.9553516553137,451.500671284318
6,967,2141.7969894468993,452.0407137157759
6,968,2142.74068304055,452.371534515157
6,969,2143.65355308605,452.7797847815729
6,970,2144.3700767723008,453.47734754365365
6,971,2145.2277702891274,453.9915088327383
6,972,2146.121939577595,454.4392378619081
6,973,2147.0835304863467,454.71372451769736
6,974,2147.842990651995,455.3642783254594
6,975,2148.7804808857036,455.7122899081704
6,976,2149.6621129805767,456.18422724436005
6,977,2150.520328850329,456.6975161697281
6,978,2151.5164476881682,456.78553469563127
6,979,2152.5139711533534,456.8558691566375
6,980,2153.4218313038527,457.2751422742294
6,981,2154.3457158076953,457.65781370451884
6,982,2155.2603706124746,458.0620495120545
6,983,2156.0398287639937,458.68850381208796
6,984,2157.0389459003977,458.73051509323244
6,985,2158.0326630448562,458.84243576518105
6,986,2158.923965799299,459.295844410801
6,987,2159.5758775680015,460.0541392385739
6,988,2160.5643118249345,460.2057892294112
6,989,2161.562366538233,460.143445109703
6,990,2162.250341673729,460.8691793674993
6,991,2163.1096724915865,461.38059949369773
6,992,2164.046003620937,461.731717730491
6,993,2164.9996356125666,461.43074260769805
6,994,2165.8703416522426,461.9225464227218
6,995,2166.535705376181,461.17602708950454
6,996,2167.325853639648,461.7889428436994
6,997,2167.9265757511575,460.98948493690034
6,998,2168.7922227942654,461.49013970493746
6,999,2168.850001705726,460.491810301689
6,1000,2168.864973416987,461.49169821933873
6,1001,2169.8028234364615,461.8387390540712
6,1002,2170.7320765136674,461.46929525793547
6,1003,2171.495141947907,460.82297401964246
6,1004,2172.4278801118976,461.1835284779921
6,1005,2173.424648237813,461.1031960240316
6,1006,2174.3483145547034,460.71999824867004
6,1007,2175.348077871115,460.69824253316153
6,1008,2176.10920511305,461.34684512457227
6,1009,2177.103391861689,461.45451456699
6,1010,2178.085983089322,461.6402952962898
6,1011,2178.9484889847563,461.13424828232695
6,1012,2179.13319113598,460.15145373852164
6,1013,2178.8200040711213,461.10114519494596
6,1014,2179.719524545158,460.664266588479
